73 0.06
75 0.03
77 0.03
79 0.04
81 0.04
83 0.04
85 0.05
87 0.05
89 0.05
91 0.06
93 0.06
95 0.07
97 0.07
99 0.07
101 0.08
103 0.08
105 0.09
107 0.10
109 0.10
111 0.10
113 0.11
73 0.03
75 0.04
77 0.05
79 0.04
81 0.04
83 0.05
85 0.08
87 0.08
89 0.06
91 0.08
93 0.08
95 0.08
97 0.08
99 0.10
101 0.14
103 0.10
105 0.10
107 0.14
109 0.16
111 0.12
113 0.13
73 0.03
75 0.04
77 0.04
79 0.04
81 0.07
83 0.05
85 0.06
87 0.06
89 0.07
91 0.08
93 0.08
95 0.10
97 0.10
99 0.09
101 0.10
103 0.09
105 0.12
107 0.12
109 0.12
111 0.13
113 0.14
115 0.13
117 0.17
119 0.19
121 0.16
123 0.18
125 0.18
127 0.20
129 0.22
131 0.21
133 0.30
135 0.26
137 0.24
139 0.25
141 0.25
143 0.34
145 0.32
147 0.28
149 0.34
151 0.36
153 0.33
155 0.42
157 0.37
159 0.38
161 0.46
163 0.40
165 0.42
167 0.42
169 0.45
171 0.65
173 0.47
175 0.51
177 0.62
179 0.57
181 0.58
183 0.64
185 0.59
187 0.68
189 0.65
191 0.74
193 0.88
195 0.79
197 0.88
199 0.76
201 0.81
203 0.81
205 0.87
207 0.88
209 1.14
211 0.90
213 1.12
200 0.63
202 0.63
204 0.66
206 0.68
208 0.70
210 0.71
212 0.75
214 0.74
216 0.78
218 0.80
220 0.82
222 0.87
224 0.87
226 0.88
228 0.94
230 0.92
232 0.94
234 0.98
236 1.05
238 1.03
240 1.06
242 1.08
244 1.10
246 1.13
248 1.20
250 1.20
252 1.22
254 1.26
256 1.48
258 1.37
260 1.35
262 1.37
264 1.40
266 1.42
268 1.46
270 1.53
272 1.53
274 1.56
276 1.57
278 1.66
280 1.68
282 1.69
284 1.74
286 1.80
288 1.83
290 1.89
292 1.88
294 1.91
296 1.96
298 2.03
300 2.06
