0 1 
0.01 0.995 
0.02 0.990001 
0.03 0.985002 
0.04 0.980005 
0.05 0.97501 
0.06 0.970018 
0.07 0.965029 
0.08 0.960043 
0.09 0.955061 
0.1 0.950083 
0.11 0.945111 
0.12 0.940144 
0.13 0.935183 
0.14 0.930228 
0.15 0.925281 
0.16 0.920341 
0.17 0.915409 
0.18 0.910485 
0.19 0.905571 
0.2 0.900665 
0.21 0.89577 
0.22 0.890885 
0.23 0.886011 
0.24 0.881149 
0.25 0.876298 
0.26 0.87146 
0.27 0.866634 
0.28 0.861822 
0.29 0.857024 
0.3 0.85224 
0.31 0.847471 
0.32 0.842717 
0.33 0.837978 
0.34 0.833256 
0.35 0.828551 
0.36 0.823863 
0.37 0.819192 
0.38 0.81454 
0.39 0.809906 
0.4 0.805291 
0.41 0.800695 
0.42 0.79612 
0.43 0.791565 
0.44 0.78703 
0.45 0.782517 
0.46 0.778026 
0.47 0.773557 
0.48 0.76911 
0.49 0.764687 
0.5 0.760287 
0.51 0.755911 
0.52 0.75156 
0.53 0.747233 
0.54 0.742932 
0.55 0.738656 
0.56 0.734407 
0.57 0.730184 
0.58 0.725988 
0.59 0.721819 
0.6 0.717679 
0.61 0.713566 
0.62 0.709482 
0.63 0.705428 
0.64 0.701402 
0.65 0.697407 
0.66 0.693441 
0.67 0.689507 
0.68 0.685603 
0.69 0.681731 
0.7 0.677891 
0.71 0.674083 
0.72 0.670308 
0.73 0.666565 
0.74 0.662856 
0.75 0.65918 
0.76 0.655539 
0.77 0.651932 
0.78 0.64836 
0.79 0.644823 
0.8 0.641322 
0.81 0.637856 
0.82 0.634427 
0.83 0.631034 
0.84 0.627678 
0.85 0.62436 
0.86 0.621078 
0.87 0.617835 
0.88 0.61463 
0.89 0.611464 
0.9 0.608336 
0.91 0.605248 
0.92 0.602199 
0.93 0.59919 
0.94 0.596221 
0.95 0.593292 
0.96 0.590404 
0.97 0.587557 
0.98 0.584751 
0.99 0.581987 
1 0.579264 
1.01 0.576584 
1.02 0.573946 
1.03 0.57135 
1.04 0.568798 
1.05 0.566288 
1.06 0.563822 
1.07 0.561399 
1.08 0.559021 
1.09 0.556686 
1.1 0.554396 
1.11 0.55215 
1.12 0.549949 
1.13 0.547793 
1.14 0.545683 
1.15 0.543618 
1.16 0.541598 
1.17 0.539624 
1.18 0.537697 
1.19 0.535815 
1.2 0.53398 
1.21 0.532192 
1.22 0.53045 
1.23 0.528755 
1.24 0.527107 
1.25 0.525507 
1.26 0.523954 
1.27 0.522449 
1.28 0.520992 
1.29 0.519582 
1.3 0.51822 
1.31 0.516907 
1.32 0.515642 
1.33 0.514425 
1.34 0.513257 
1.35 0.512138 
1.36 0.511067 
1.37 0.510045 
1.38 0.509073 
1.39 0.508149 
1.4 0.507274 
1.41 0.506449 
1.42 0.505673 
1.43 0.504947 
1.44 0.50427 
1.45 0.503643 
1.46 0.503065 
1.47 0.502537 
1.48 0.502059 
1.49 0.50163 
1.5 0.501252 
1.51 0.500923 
1.52 0.500644 
1.53 0.500415 
1.54 0.500236 
1.55 0.500107 
1.56 0.500028 
1.57 0.499999 
1.58 0.50002 
1.59 0.500091 
1.6 0.500212 
1.61 0.500383 
1.62 0.500604 
1.63 0.500875 
1.64 0.501196 
1.65 0.501567 
1.66 0.501987 
1.67 0.502457 
1.68 0.502977 
1.69 0.503547 
1.7 0.504167 
1.71 0.504836 
1.72 0.505554 
1.73 0.506322 
1.74 0.507139 
1.75 0.508006 
1.76 0.508922 
1.77 0.509887 
1.78 0.510901 
1.79 0.511964 
1.8 0.513075 
1.81 0.514236 
1.82 0.515444 
1.83 0.516702 
1.84 0.518008 
1.85 0.519361 
1.86 0.520763 
1.87 0.522213 
1.88 0.523711 
1.89 0.525256 
1.9 0.526849 
1.91 0.528489 
1.92 0.530176 
1.93 0.53191 
1.94 0.533691 
1.95 0.535519 
1.96 0.537393 
1.97 0.539314 
1.98 0.54128 
1.99 0.543292 
2 0.54535 
2.01 0.547454 
2.02 0.549602 
2.03 0.551796 
2.04 0.554035 
2.05 0.556318 
2.06 0.558645 
2.07 0.561017 
2.08 0.563432 
2.09 0.565892 
2.1 0.568394 
2.11 0.57094 
2.12 0.573529 
2.13 0.57616 
2.14 0.578834 
2.15 0.58155 
2.16 0.584307 
2.17 0.587106 
2.18 0.589947 
2.19 0.592828 
2.2 0.595751 
2.21 0.598713 
2.22 0.601716 
2.23 0.604759 
2.24 0.607841 
2.25 0.610962 
2.26 0.614123 
2.27 0.617321 
2.28 0.620559 
2.29 0.623834 
2.3 0.627146 
2.31 0.630496 
2.32 0.633883 
2.33 0.637307 
2.34 0.640767 
2.35 0.644262 
2.36 0.647794 
2.37 0.65136 
2.38 0.654961 
2.39 0.658597 
2.4 0.662267 
2.41 0.665971 
2.42 0.669708 
2.43 0.673479 
2.44 0.677281 
2.45 0.681117 
2.46 0.684984 
2.47 0.688882 
2.48 0.692812 
2.49 0.696772 
2.5 0.700763 
2.51 0.704783 
2.52 0.708834 
2.53 0.712913 
2.54 0.717021 
2.55 0.721157 
2.56 0.725321 
2.57 0.729513 
2.58 0.733732 
2.59 0.737977 
2.6 0.742248 
2.61 0.746546 
2.62 0.750868 
2.63 0.755216 
2.64 0.759588 
2.65 0.763984 
2.66 0.768403 
2.67 0.772846 
2.68 0.777312 
2.69 0.7818 
2.7 0.786309 
2.71 0.79084 
2.72 0.795392 
2.73 0.799964 
2.74 0.804557 
2.75 0.809169 
2.76 0.8138 
2.77 0.818449 
2.78 0.823117 
2.79 0.827802 
2.8 0.832505 
2.81 0.837224 
2.82 0.84196 
2.83 0.846712 
2.84 0.851479 
2.85 0.85626 
2.86 0.861056 
2.87 0.865866 
2.88 0.87069 
2.89 0.875526 
2.9 0.880375 
2.91 0.885235 
2.92 0.890108 
2.93 0.894991 
2.94 0.899884 
2.95 0.904788 
2.96 0.909701 
2.97 0.914623 
2.98 0.919554 
2.99 0.924493 
3 0.929439 
3.01 0.934393 
3.02 0.939353 
3.03 0.944319 
3.04 0.94929 
3.05 0.954267 
3.06 0.959248 
3.07 0.964234 
3.08 0.969223 
3.09 0.974215 
3.1 0.979209 
3.11 0.984206 
3.12 0.989204 
3.13 0.994203 
3.14 0.999203 
3.15 1.0042 
3.16 1.0092 
3.17 1.0142 
3.18 1.0192 
3.19 1.02419 
3.2 1.02919 
3.21 1.03418 
3.22 1.03916 
3.23 1.04415 
3.24 1.04912 
3.25 1.0541 
3.26 1.05907 
3.27 1.06403 
3.28 1.06898 
3.29 1.07393 
3.3 1.07887 
3.31 1.08381 
3.32 1.08873 
3.33 1.09365 
3.34 1.09855 
3.35 1.10345 
3.36 1.10834 
3.37 1.11321 
3.38 1.11808 
3.39 1.12293 
3.4 1.12777 
3.41 1.1326 
3.42 1.13741 
3.43 1.14221 
3.44 1.147 
3.45 1.15177 
3.46 1.15653 
3.47 1.16127 
3.48 1.16599 
3.49 1.1707 
3.5 1.17539 
3.51 1.18007 
3.52 1.18472 
3.53 1.18936 
3.54 1.19398 
3.55 1.19857 
3.56 1.20315 
3.57 1.20771 
3.58 1.21225 
3.59 1.21677 
3.6 1.22126 
3.61 1.22573 
3.62 1.23018 
3.63 1.23461 
3.64 1.23901 
3.65 1.24339 
3.66 1.24775 
3.67 1.25208 
3.68 1.25639 
3.69 1.26067 
3.7 1.26492 
3.71 1.26915 
3.72 1.27335 
3.73 1.27752 
3.74 1.28166 
3.75 1.28578 
3.76 1.28987 
3.77 1.29393 
3.78 1.29796 
3.79 1.30196 
3.8 1.30593 
3.81 1.30987 
3.82 1.31378 
3.83 1.31766 
3.84 1.3215 
3.85 1.32531 
3.86 1.32909 
3.87 1.33284 
3.88 1.33656 
3.89 1.34024 
3.9 1.34388 
3.91 1.3475 
3.92 1.35107 
3.93 1.35462 
3.94 1.35812 
3.95 1.3616 
3.96 1.36503 
3.97 1.36843 
3.98 1.37179 
3.99 1.37512 
4 1.3784 
4.01 1.38165 
4.02 1.38486 
4.03 1.38804 
4.04 1.39117 
4.05 1.39426 
4.06 1.39732 
4.07 1.40034 
4.08 1.40331 
4.09 1.40625 
4.1 1.40914 
4.11 1.41199 
4.12 1.41481 
4.13 1.41758 
4.14 1.42031 
4.15 1.42299 
4.16 1.42564 
4.17 1.42824 
4.18 1.4308 
4.19 1.43332 
4.2 1.43579 
4.21 1.43822 
4.22 1.44061 
4.23 1.44295 
4.24 1.44524 
4.25 1.4475 
4.26 1.4497 
4.27 1.45187 
4.28 1.45399 
4.29 1.45606 
4.3 1.45809 
4.31 1.46007 
4.32 1.462 
4.33 1.46389 
4.34 1.46573 
4.35 1.46753 
4.36 1.46928 
4.37 1.47098 
4.38 1.47264 
4.39 1.47424 
4.4 1.4758 
4.41 1.47732 
4.42 1.47878 
4.43 1.4802 
4.44 1.48157 
4.45 1.48289 
4.46 1.48416 
4.47 1.48539 
4.48 1.48656 
4.49 1.48769 
4.5 1.48877 
4.51 1.4898 
4.52 1.49078 
4.53 1.49171 
4.54 1.49259 
4.55 1.49342 
4.56 1.49421 
4.57 1.49494 
4.58 1.49563 
4.59 1.49626 
4.6 1.49685 
4.61 1.49738 
4.62 1.49787 
4.63 1.49831 
4.64 1.49869 
4.65 1.49903 
4.66 1.49932 
4.67 1.49955 
4.68 1.49974 
4.69 1.49988 
4.7 1.49996 
4.71 1.5 
4.72 1.49999 
4.73 1.49993 
4.74 1.49981 
4.75 1.49965 
4.76 1.49944 
4.77 1.49917 
4.78 1.49886 
4.79 1.4985 
4.8 1.49809 
4.81 1.49762 
4.82 1.49711 
4.83 1.49655 
4.84 1.49594 
4.85 1.49528 
4.86 1.49457 
4.87 1.49381 
4.88 1.493 
4.89 1.49214 
4.9 1.49123 
4.91 1.49027 
4.92 1.48927 
4.93 1.48821 
4.94 1.48711 
4.95 1.48595 
4.96 1.48475 
4.97 1.4835 
4.98 1.48221 
4.99 1.48086 
5 1.47947 
5.01 1.47802 
5.02 1.47653 
5.03 1.475 
5.04 1.47341 
5.05 1.47178 
5.06 1.4701 
5.07 1.46837 
5.08 1.4666 
5.09 1.46478 
5.1 1.46291 
5.11 1.461 
5.12 1.45904 
5.13 1.45703 
5.14 1.45498 
5.15 1.45289 
5.16 1.45075 
5.17 1.44856 
5.18 1.44633 
5.19 1.44405 
5.2 1.44173 
5.21 1.43937 
5.22 1.43696 
5.23 1.43451 
5.24 1.43201 
5.25 1.42947 
5.26 1.42689 
5.27 1.42426 
5.28 1.4216 
5.29 1.41889 
5.3 1.41614 
5.31 1.41334 
5.32 1.41051 
5.33 1.40764 
5.34 1.40472 
5.35 1.40176 
5.36 1.39877 
5.37 1.39573 
5.38 1.39265 
5.39 1.38954 
5.4 1.38639 
5.41 1.38319 
5.42 1.37996 
5.43 1.37669 
5.44 1.37339 
5.45 1.37004 
5.46 1.36666 
5.47 1.36324 
5.48 1.35979 
5.49 1.3563 
5.5 1.35277 
5.51 1.34921 
5.52 1.34562 
5.53 1.34199 
5.54 1.33832 
5.55 1.33462 
5.56 1.33089 
5.57 1.32713 
5.58 1.32333 
5.59 1.3195 
5.6 1.31564 
5.61 1.31174 
5.62 1.30782 
5.63 1.30386 
5.64 1.29988 
5.65 1.29586 
5.66 1.29181 
5.67 1.28774 
5.68 1.28364 
5.69 1.27951 
5.7 1.27535 
5.71 1.27116 
5.72 1.26694 
5.73 1.2627 
5.74 1.25844 
5.75 1.25414 
5.76 1.24982 
5.77 1.24548 
5.78 1.24111 
5.79 1.23672 
5.8 1.2323 
5.81 1.22786 
5.82 1.2234 
5.83 1.21892 
5.84 1.21441 
5.85 1.20988 
5.86 1.20534 
5.87 1.20077 
5.88 1.19618 
5.89 1.19157 
5.9 1.18694 
5.91 1.18229 
5.92 1.17763 
5.93 1.17295 
5.94 1.16825 
5.95 1.16353 
5.96 1.1588 
5.97 1.15405 
5.98 1.14928 
5.99 1.1445 
6 1.13971 
6.01 1.1349 
6.02 1.13008 
6.03 1.12525 
6.04 1.1204 
6.05 1.11554 
6.06 1.11067 
6.07 1.10579 
6.08 1.1009 
6.09 1.09599 
6.1 1.09108 
6.11 1.08616 
6.12 1.08123 
6.13 1.07629 
6.14 1.07135 
6.15 1.0664 
6.16 1.06144 
6.17 1.05647 
6.18 1.0515 
6.19 1.04653 
6.2 1.04155 
6.21 1.03656 
6.22 1.03157 
6.23 1.02658 
6.24 1.02159 
6.25 1.01659 
6.26 1.01159 
6.27 1.00659 
6.28 1.00159 
6.29 0.996594 
6.3 0.991594 
6.31 0.986595 
6.32 0.981598 
6.33 0.976602 
6.34 0.971609 
6.35 0.966618 
6.36 0.961631 
6.37 0.956648 
6.38 0.951669 
6.39 0.946695 
6.4 0.941726 
6.41 0.936763 
6.42 0.931806 
6.43 0.926856 
6.44 0.921914 
6.45 0.916979 
6.46 0.912053 
6.47 0.907135 
6.48 0.902227 
6.49 0.897328 
6.5 0.89244 
6.51 0.887562 
6.52 0.882696 
6.53 0.877842 
6.54 0.872999 
6.55 0.86817 
6.56 0.863353 
6.57 0.85855 
6.58 0.853762 
6.59 0.848988 
6.6 0.844229 
6.61 0.839486 
6.62 0.834758 
6.63 0.830047 
6.64 0.825354 
6.65 0.820677 
6.66 0.816019 
6.67 0.811379 
6.68 0.806758 
6.69 0.802156 
6.7 0.797574 
6.71 0.793012 
6.72 0.788471 
6.73 0.783951 
6.74 0.779453 
6.75 0.774977 
6.76 0.770523 
6.77 0.766092 
6.78 0.761685 
6.79 0.757301 
6.8 0.752942 
6.81 0.748607 
6.82 0.744298 
6.83 0.740014 
6.84 0.735756 
6.85 0.731525 
6.86 0.72732 
6.87 0.723143 
6.88 0.718993 
6.89 0.714871 
6.9 0.710778 
6.91 0.706714 
6.92 0.702679 
6.93 0.698674 
6.94 0.694699 
6.95 0.690755 
6.96 0.686841 
6.97 0.682959 
6.98 0.679109 
6.99 0.67529 
7 0.671504 
7.01 0.667751 
7.02 0.664032 
7.03 0.660345 
7.04 0.656693 
7.05 0.653075 
7.06 0.649492 
7.07 0.645944 
7.08 0.642431 
7.09 0.638954 
7.1 0.635513 
7.11 0.632108 
7.12 0.628741 
7.13 0.62541 
7.14 0.622117 
7.15 0.618862 
7.16 0.615644 
7.17 0.612466 
7.18 0.609325 
7.19 0.606225 
7.2 0.603163 
7.21 0.600141 
7.22 0.597159 
7.23 0.594218 
7.24 0.591316 
7.25 0.588456 
7.26 0.585637 
7.27 0.58286 
7.28 0.580124 
7.29 0.57743 
7.3 0.574778 
7.31 0.572169 
7.32 0.569603 
7.33 0.567079 
7.34 0.564599 
7.35 0.562163 
7.36 0.55977 
7.37 0.557422 
7.38 0.555117 
7.39 0.552857 
7.4 0.550642 
7.41 0.548472 
7.42 0.546347 
7.43 0.544267 
7.44 0.542233 
7.45 0.540244 
7.46 0.538302 
7.47 0.536406 
7.48 0.534556 
7.49 0.532752 
7.5 0.530996 
7.51 0.529286 
7.52 0.527623 
7.53 0.526008 
7.54 0.52444 
7.55 0.522919 
7.56 0.521447 
7.57 0.520022 
7.58 0.518645 
7.59 0.517316 
7.6 0.516036 
7.61 0.514804 
7.62 0.51362 
7.63 0.512485 
7.64 0.511399 
7.65 0.510361 
7.66 0.509373 
7.67 0.508434 
7.68 0.507544 
7.69 0.506703 
7.7 0.505911 
7.71 0.505169 
7.72 0.504476 
7.73 0.503833 
7.74 0.503239 
7.75 0.502696 
7.76 0.502201 
7.77 0.501757 
7.78 0.501363 
7.79 0.501018 
7.8 0.500723 
7.81 0.500478 
7.82 0.500284 
7.83 0.500139 
7.84 0.500044 
7.85 0.499999 
7.86 0.500004 
7.87 0.500059 
7.88 0.500164 
7.89 0.500319 
7.9 0.500524 
7.91 0.500779 
7.92 0.501084 
7.93 0.501439 
7.94 0.501843 
7.95 0.502298 
7.96 0.502802 
7.97 0.503356 
7.98 0.503959 
7.99 0.504613 
8 0.505315 
8.01 0.506068 
8.02 0.506869 
8.03 0.50772 
8.04 0.50862 
8.05 0.50957 
8.06 0.510568 
8.07 0.511615 
8.08 0.512711 
8.09 0.513856 
8.1 0.51505 
8.11 0.516292 
8.12 0.517582 
8.13 0.51892 
8.14 0.520307 
8.15 0.521742 
8.16 0.523224 
8.17 0.524754 
8.18 0.526332 
8.19 0.527957 
8.2 0.529629 
8.21 0.531349 
8.22 0.533115 
8.23 0.534927 
8.24 0.536787 
8.25 0.538692 
8.26 0.540644 
8.27 0.542642 
8.28 0.544685 
8.29 0.546774 
8.3 0.548909 
8.31 0.551088 
8.32 0.553312 
8.33 0.555581 
8.34 0.557895 
8.35 0.560252 
8.36 0.562654 
8.37 0.565099 
8.38 0.567588 
8.39 0.57012 
8.4 0.572695 
8.41 0.575313 
8.42 0.577973 
8.43 0.580676 
8.44 0.58342 
8.45 0.586206 
8.46 0.589034 
8.47 0.591902 
8.48 0.594811 
8.49 0.597761 
8.5 0.600751 
8.51 0.603781 
8.52 0.606851 
8.53 0.60996 
8.54 0.613108 
8.55 0.616294 
8.56 0.619519 
8.57 0.622782 
8.58 0.626083 
8.59 0.629421 
8.6 0.632797 
8.61 0.636209 
8.62 0.639657 
8.63 0.643141 
8.64 0.646661 
8.65 0.650217 
8.66 0.653807 
8.67 0.657432 
8.68 0.661091 
8.69 0.664784 
8.7 0.668511 
8.71 0.672271 
8.72 0.676063 
8.73 0.679888 
8.74 0.683745 
8.75 0.687634 
8.76 0.691553 
8.77 0.695504 
8.78 0.699485 
8.79 0.703496 
8.8 0.707537 
8.81 0.711607 
8.82 0.715706 
8.83 0.719833 
8.84 0.723989 
8.85 0.728172 
8.86 0.732382 
8.87 0.736619 
8.88 0.740882 
8.89 0.745171 
8.9 0.749486 
8.91 0.753825 
8.92 0.75819 
8.93 0.762578 
8.94 0.76699 
8.95 0.771426 
8.96 0.775884 
8.97 0.780365 
8.98 0.784868 
8.99 0.789392 
9 0.793937 
9.01 0.798503 
9.02 0.803089 
9.03 0.807695 
9.04 0.81232 
9.05 0.816964 
9.06 0.821626 
9.07 0.826306 
9.08 0.831003 
9.09 0.835717 
9.1 0.840448 
9.11 0.845194 
9.12 0.849956 
9.13 0.854733 
9.14 0.859525 
9.15 0.864331 
9.16 0.86915 
9.17 0.873982 
9.18 0.878827 
9.19 0.883684 
9.2 0.888553 
9.21 0.893432 
9.22 0.898323 
9.23 0.903223 
9.24 0.908134 
9.25 0.913053 
9.26 0.917981 
9.27 0.922917 
9.28 0.927861 
9.29 0.932813 
9.3 0.937771 
9.31 0.942735 
9.32 0.947705 
9.33 0.95268 
9.34 0.95766 
9.35 0.962644 
9.36 0.967632 
9.37 0.972623 
9.38 0.977617 
9.39 0.982613 
9.4 0.987611 
9.41 0.99261 
9.42 0.99761 
9.43 1.00261 
9.44 1.00761 
9.45 1.01261 
9.46 1.01761 
9.47 1.0226 
9.48 1.0276 
9.49 1.03259 
9.5 1.03757 
9.51 1.04256 
9.52 1.04754 
9.53 1.05251 
9.54 1.05748 
9.55 1.06245 
9.56 1.0674 
9.57 1.07236 
9.58 1.0773 
9.59 1.08224 
9.6 1.08716 
9.61 1.09208 
9.62 1.09699 
9.63 1.10189 
9.64 1.10678 
9.65 1.11166 
9.66 1.11653 
9.67 1.12139 
9.68 1.12623 
9.69 1.13106 
9.7 1.13588 
9.71 1.14069 
9.72 1.14548 
9.73 1.15025 
9.74 1.15501 
9.75 1.15976 
9.76 1.16449 
9.77 1.1692 
9.78 1.1739 
9.79 1.17858 
9.8 1.18324 
9.81 1.18788 
9.82 1.19251 
9.83 1.19711 
9.84 1.2017 
9.85 1.20626 
9.86 1.21081 
9.87 1.21533 
9.88 1.21983 
9.89 1.22431 
9.9 1.22877 
9.91 1.2332 
9.92 1.23762 
9.93 1.242 
9.94 1.24637 
9.95 1.2507 
9.96 1.25502 
9.97 1.25931 
9.98 1.26357 
9.99 1.2678 
10 1.27201 
10.01 1.27619 
10.02 1.28035 
10.03 1.28447 
10.04 1.28857 
10.05 1.29264 
10.06 1.29668 
10.07 1.30069 
10.08 1.30467 
10.09 1.30862 
10.1 1.31254 
10.11 1.31643 
10.12 1.32028 
10.13 1.3241 
10.14 1.3279 
10.15 1.33165 
10.16 1.33538 
10.17 1.33907 
10.18 1.34273 
10.19 1.34635 
10.2 1.34994 
10.21 1.35349 
10.22 1.35701 
10.23 1.3605 
10.24 1.36394 
10.25 1.36735 
10.26 1.37073 
10.27 1.37406 
10.28 1.37736 
10.29 1.38062 
10.3 1.38385 
10.31 1.38703 
10.32 1.39018 
10.33 1.39329 
10.34 1.39635 
10.35 1.39938 
10.36 1.40237 
10.37 1.40532 
10.38 1.40823 
10.39 1.41109 
10.4 1.41392 
10.41 1.4167 
10.42 1.41944 
10.43 1.42215 
10.44 1.4248 
10.45 1.42742 
10.46 1.42999 
10.47 1.43252 
10.48 1.43501 
10.49 1.43745 
10.5 1.43985 
10.51 1.44221 
10.52 1.44452 
10.53 1.44679 
10.54 1.44901 
10.55 1.45119 
10.56 1.45332 
10.57 1.45541 
10.58 1.45745 
10.59 1.45944 
10.6 1.46139 
10.61 1.4633 
10.62 1.46515 
10.63 1.46697 
10.64 1.46873 
10.65 1.47045 
10.66 1.47212 
10.67 1.47374 
10.68 1.47532 
10.69 1.47684 
10.7 1.47832 
10.71 1.47976 
10.72 1.48114 
10.73 1.48248 
10.74 1.48377 
10.75 1.48501 
10.76 1.4862 
10.77 1.48734 
10.78 1.48843 
10.79 1.48948 
10.8 1.49047 
10.81 1.49142 
10.82 1.49232 
10.83 1.49317 
10.84 1.49397 
10.85 1.49472 
10.86 1.49542 
10.87 1.49607 
10.88 1.49667 
10.89 1.49722 
10.9 1.49773 
10.91 1.49818 
10.92 1.49858 
10.93 1.49893 
10.94 1.49924 
10.95 1.49949 
10.96 1.49969 
10.97 1.49984 
10.98 1.49995 
10.99 1.5 
11 1.5 
11.01 1.49996 
11.02 1.49986 
11.03 1.49971 
11.04 1.49951 
11.05 1.49927 
11.06 1.49897 
11.07 1.49862 
11.08 1.49823 
11.09 1.49778 
11.1 1.49728 
11.11 1.49674 
11.12 1.49614 
11.13 1.4955 
11.14 1.4948 
11.15 1.49406 
11.16 1.49326 
11.17 1.49242 
11.18 1.49153 
11.19 1.49059 
11.2 1.4896 
11.21 1.48856 
11.22 1.48747 
11.23 1.48633 
11.24 1.48515 
11.25 1.48391 
11.26 1.48263 
11.27 1.4813 
11.28 1.47992 
11.29 1.47849 
11.3 1.47702 
11.31 1.47549 
11.32 1.47392 
11.33 1.47231 
11.34 1.47064 
11.35 1.46893 
11.36 1.46717 
11.37 1.46537 
11.38 1.46351 
11.39 1.46162 
11.4 1.45967 
11.41 1.45768 
11.42 1.45565 
11.43 1.45356 
11.44 1.45144 
11.45 1.44926 
11.46 1.44705 
11.47 1.44479 
11.48 1.44248 
11.49 1.44013 
11.5 1.43773 
11.51 1.4353 
11.52 1.43281 
11.53 1.43029 
11.54 1.42772 
11.55 1.42511 
11.56 1.42246 
11.57 1.41976 
11.58 1.41702 
11.59 1.41424 
11.6 1.41142 
11.61 1.40856 
11.62 1.40566 
11.63 1.40271 
11.64 1.39973 
11.65 1.39671 
11.66 1.39364 
11.67 1.39054 
11.68 1.3874 
11.69 1.38422 
11.7 1.381 
11.71 1.37774 
11.72 1.37445 
11.73 1.37111 
11.74 1.36775 
11.75 1.36434 
11.76 1.3609 
11.77 1.35742 
11.78 1.3539 
11.79 1.35035 
11.8 1.34677 
11.81 1.34315 
11.82 1.3395 
11.83 1.33581 
11.84 1.33209 
11.85 1.32833 
11.86 1.32454 
11.87 1.32072 
11.88 1.31687 
11.89 1.31299 
11.9 1.30907 
11.91 1.30513 
11.92 1.30115 
11.93 1.29715 
11.94 1.29311 
11.95 1.28904 
11.96 1.28495 
11.97 1.28083 
11.98 1.27668 
11.99 1.2725 
12 1.26829 
12.01 1.26406 
12.02 1.2598 
12.03 1.25552 
12.04 1.2512 
12.05 1.24687 
12.06 1.24251 
12.07 1.23812 
12.08 1.23372 
12.09 1.22928 
12.1 1.22483 
12.11 1.22035 
12.12 1.21585 
12.13 1.21133 
12.14 1.20679 
12.15 1.20223 
12.16 1.19764 
12.17 1.19304 
12.18 1.18842 
12.19 1.18378 
12.2 1.17912 
12.21 1.17444 
12.22 1.16975 
12.23 1.16504 
12.24 1.16031 
12.25 1.15556 
12.26 1.1508 
12.27 1.14603 
12.28 1.14124 
12.29 1.13644 
12.3 1.13162 
12.31 1.12679 
12.32 1.12195 
12.33 1.11709 
12.34 1.11222 
12.35 1.10735 
12.36 1.10246 
12.37 1.09756 
12.38 1.09265 
12.39 1.08773 
12.4 1.08281 
12.41 1.07787 
12.42 1.07293 
12.43 1.06798 
12.44 1.06302 
12.45 1.05806 
12.46 1.05309 
12.47 1.04811 
12.48 1.04313 
12.49 1.03815 
12.5 1.03316 
12.51 1.02817 
12.52 1.02318 
12.53 1.01818 
12.54 1.01319 
12.55 1.00819 
12.56 1.00319 
12.57 0.998187 
12.58 0.993187 
12.59 0.988188 
12.6 0.98319 
12.61 0.978194 
12.62 0.973199 
12.63 0.968208 
12.64 0.96322 
12.65 0.958235 
12.66 0.953255 
12.67 0.948279 
12.68 0.943308 
12.69 0.938343 
12.7 0.933385 
12.71 0.928433 
12.72 0.923488 
12.73 0.91855 
12.74 0.913621 
12.75 0.908701 
12.76 0.903789 
12.77 0.898888 
12.78 0.893996 
12.79 0.889115 
12.8 0.884245 
12.81 0.879387 
12.82 0.87454 
12.83 0.869706 
12.84 0.864886 
12.85 0.860078 
12.86 0.855285 
12.87 0.850506 
12.88 0.845743 
12.89 0.840994 
12.9 0.836262 
12.91 0.831546 
12.92 0.826846 
12.93 0.822164 
12.94 0.8175 
12.95 0.812854 
12.96 0.808227 
12.97 0.803619 
12.98 0.799031 
12.99 0.794462 
13 0.789915 
13.01 0.785388 
13.02 0.780883 
13.03 0.776399 
13.04 0.771938 
13.05 0.7675 
13.06 0.763085 
13.07 0.758694 
13.08 0.754327 
13.09 0.749984 
13.1 0.745667 
13.11 0.741374 
13.12 0.737108 
13.13 0.732868 
13.14 0.728655 
13.15 0.724469 
13.16 0.72031 
13.17 0.71618 
13.18 0.712077 
13.19 0.708004 
13.2 0.70396 
13.21 0.699945 
13.22 0.69596 
13.23 0.692006 
13.24 0.688083 
13.25 0.684191 
13.26 0.68033 
13.27 0.676501 
13.28 0.672705 
13.29 0.668941 
13.3 0.665211 
13.31 0.661514 
13.32 0.65785 
13.33 0.654222 
13.34 0.650627 
13.35 0.647068 
13.36 0.643543 
13.37 0.640055 
13.38 0.636602 
13.39 0.633186 
13.4 0.629807 
13.41 0.626464 
13.42 0.623159 
13.43 0.619892 
13.44 0.616662 
13.45 0.613471 
13.46 0.610319 
13.47 0.607205 
13.48 0.604131 
13.49 0.601097 
13.5 0.598102 
13.51 0.595147 
13.52 0.592233 
13.53 0.58936 
13.54 0.586528 
13.55 0.583737 
13.56 0.580988 
13.57 0.57828 
13.58 0.575615 
13.59 0.572992 
13.6 0.570412 
13.61 0.567875 
13.62 0.565381 
13.63 0.562931 
13.64 0.560524 
13.65 0.558162 
13.66 0.555843 
13.67 0.553569 
13.68 0.551339 
13.69 0.549155 
13.7 0.547015 
13.71 0.544921 
13.72 0.542872 
13.73 0.540869 
13.74 0.538912 
13.75 0.537001 
13.76 0.535136 
13.77 0.533318 
13.78 0.531547 
13.79 0.529822 
13.8 0.528144 
13.81 0.526514 
13.82 0.524931 
13.83 0.523395 
13.84 0.521907 
13.85 0.520467 
13.86 0.519075 
13.87 0.51773 
13.88 0.516434 
13.89 0.515187 
13.9 0.513988 
13.91 0.512837 
13.92 0.511735 
13.93 0.510683 
13.94 0.509679 
13.95 0.508724 
13.96 0.507818 
13.97 0.506961 
13.98 0.506154 
13.99 0.505396 
14 0.504687 
14.01 0.504028 
14.02 0.503419 
14.03 0.502859 
14.04 0.502349 
14.05 0.501889 
14.06 0.501479 
14.07 0.501118 
14.08 0.500808 
14.09 0.500547 
14.1 0.500336 
14.11 0.500175 
14.12 0.500064 
14.13 0.500004 
14.14 0.499993 
14.15 0.500032 
14.16 0.500121 
14.17 0.50026 
14.18 0.500449 
14.19 0.500688 
14.2 0.500977 
14.21 0.501316 
14.22 0.501705 
14.23 0.502143 
14.24 0.502632 
14.25 0.50317 
14.26 0.503758 
14.27 0.504395 
14.28 0.505082 
14.29 0.505818 
14.3 0.506604 
14.31 0.507439 
14.32 0.508324 
14.33 0.509258 
14.34 0.51024 
14.35 0.511272 
14.36 0.512353 
14.37 0.513482 
14.38 0.51466 
14.39 0.515886 
14.4 0.517161 
14.41 0.518485 
14.42 0.519856 
14.43 0.521275 
14.44 0.522742 
14.45 0.524257 
14.46 0.52582 
14.47 0.52743 
14.48 0.529087 
14.49 0.530791 
14.5 0.532543 
14.51 0.534341 
14.52 0.536185 
14.53 0.538076 
14.54 0.540013 
14.55 0.541996 
14.56 0.544025 
14.57 0.5461 
14.58 0.54822 
14.59 0.550385 
14.6 0.552595 
14.61 0.55485 
14.62 0.557149 
14.63 0.559492 
14.64 0.56188 
14.65 0.564311 
14.66 0.566786 
14.67 0.569305 
14.68 0.571866 
14.69 0.57447 
14.7 0.577117 
14.71 0.579806 
14.72 0.582537 
14.73 0.58531 
14.74 0.588124 
14.75 0.59098 
14.76 0.593876 
14.77 0.596813 
14.78 0.59979 
14.79 0.602808 
14.8 0.605865 
14.81 0.608961 
14.82 0.612097 
14.83 0.615271 
14.84 0.618484 
14.85 0.621735 
14.86 0.625024 
14.87 0.62835 
14.88 0.631714 
14.89 0.635114 
14.9 0.638551 
14.91 0.642024 
14.92 0.645532 
14.93 0.649076 
14.94 0.652656 
14.95 0.65627 
14.96 0.659918 
14.97 0.6636 
14.98 0.667316 
14.99 0.671066 
15 0.674848 
15.01 0.678663 
15.02 0.682509 
15.03 0.686388 
15.04 0.690298 
15.05 0.694239 
15.06 0.69821 
15.07 0.702212 
15.08 0.706243 
15.09 0.710304 
15.1 0.714394 
15.11 0.718512 
15.12 0.722659 
15.13 0.726833 
15.14 0.731035 
15.15 0.735263 
15.16 0.739518 
15.17 0.743799 
15.18 0.748105 
15.19 0.752437 
15.2 0.756794 
15.21 0.761175 
15.22 0.765579 
15.23 0.770007 
15.24 0.774459 
15.25 0.778932 
15.26 0.783428 
15.27 0.787946 
15.28 0.792484 
15.29 0.797044 
15.3 0.801624 
15.31 0.806223 
15.32 0.810842 
15.33 0.81548 
15.34 0.820136 
15.35 0.824811 
15.36 0.829502 
15.37 0.834211 
15.38 0.838937 
15.39 0.843678 
15.4 0.848435 
15.41 0.853208 
15.42 0.857995 
15.43 0.862796 
15.44 0.867611 
15.45 0.872439 
15.46 0.87728 
15.47 0.882133 
15.48 0.886998 
15.49 0.891875 
15.5 0.896762 
15.51 0.901659 
15.52 0.906567 
15.53 0.911483 
15.54 0.916409 
15.55 0.921342 
15.56 0.926284 
15.57 0.931233 
15.58 0.936189 
15.59 0.941152 
15.6 0.94612 
15.61 0.951093 
15.62 0.956072 
15.63 0.961055 
15.64 0.966041 
15.65 0.971032 
15.66 0.976025 
15.67 0.98102 
15.68 0.986018 
15.69 0.991016 
15.7 0.996016 
15.71 1.00102 
15.72 1.00602 
15.73 1.01102 
15.74 1.01601 
15.75 1.02101 
15.76 1.026 
15.77 1.031 
15.78 1.03599 
15.79 1.04097 
15.8 1.04595 
15.81 1.05093 
15.82 1.0559 
15.83 1.06087 
15.84 1.06583 
15.85 1.07078 
15.86 1.07573 
15.87 1.08066 
15.88 1.08559 
15.89 1.09052 
15.9 1.09543 
15.91 1.10033 
15.92 1.10523 
15.93 1.11011 
15.94 1.11498 
15.95 1.11984 
15.96 1.12469 
15.97 1.12952 
15.98 1.13435 
15.99 1.13916 
16 1.14395 
16.01 1.14873 
16.02 1.1535 
16.03 1.15825 
16.04 1.16299 
16.05 1.1677 
16.06 1.17241 
16.07 1.17709 
16.08 1.18176 
16.09 1.18641 
16.1 1.19104 
16.11 1.19565 
16.12 1.20024 
16.13 1.20481 
16.14 1.20936 
16.15 1.21389 
16.16 1.2184 
16.17 1.22289 
16.18 1.22735 
16.19 1.2318 
16.2 1.23621 
16.21 1.24061 
16.22 1.24498 
16.23 1.24933 
16.24 1.25365 
16.25 1.25794 
16.26 1.26222 
16.27 1.26646 
16.28 1.27068 
16.29 1.27487 
16.3 1.27903 
16.31 1.28317 
16.32 1.28727 
16.33 1.29135 
16.34 1.2954 
16.35 1.29942 
16.36 1.30341 
16.37 1.30737 
16.38 1.3113 
16.39 1.31519 
16.4 1.31906 
16.41 1.32289 
16.42 1.32669 
16.43 1.33046 
16.44 1.3342 
16.45 1.3379 
16.46 1.34157 
16.47 1.3452 
16.48 1.3488 
16.49 1.35237 
16.5 1.3559 
16.51 1.35939 
16.52 1.36285 
16.53 1.36627 
16.54 1.36966 
16.55 1.37301 
16.56 1.37632 
16.57 1.37959 
16.58 1.38283 
16.59 1.38602 
16.6 1.38918 
16.61 1.3923 
16.62 1.39538 
16.63 1.39842 
16.64 1.40143 
16.65 1.40439 
16.66 1.40731 
16.67 1.41019 
16.68 1.41303 
16.69 1.41582 
16.7 1.41858 
16.71 1.42129 
16.72 1.42397 
16.73 1.42659 
16.74 1.42918 
16.75 1.43173 
16.76 1.43423 
16.77 1.43668 
16.78 1.4391 
16.79 1.44147 
16.8 1.44379 
16.81 1.44607 
16.82 1.44831 
16.83 1.4505 
16.84 1.45265 
16.85 1.45475 
16.86 1.45681 
16.87 1.45882 
16.88 1.46078 
16.89 1.4627 
16.9 1.46457 
16.91 1.4664 
16.92 1.46818 
16.93 1.46991 
16.94 1.47159 
16.95 1.47323 
16.96 1.47482 
16.97 1.47637 
16.98 1.47786 
16.99 1.47931 
17 1.48071 
17.01 1.48206 
17.02 1.48336 
17.03 1.48462 
17.04 1.48583 
17.05 1.48699 
17.06 1.48809 
17.07 1.48916 
17.08 1.49017 
17.09 1.49113 
17.1 1.49204 
17.11 1.49291 
17.12 1.49372 
17.13 1.49449 
17.14 1.49521 
17.15 1.49587 
17.16 1.49649 
17.17 1.49706 
17.18 1.49758 
17.19 1.49804 
17.2 1.49846 
17.21 1.49883 
17.22 1.49915 
17.23 1.49942 
17.24 1.49964 
17.25 1.49981 
17.26 1.49992 
17.27 1.49999 
17.28 1.50001 
17.29 1.49998 
17.3 1.4999 
17.31 1.49977 
17.32 1.49959 
17.33 1.49936 
17.34 1.49907 
17.35 1.49874 
17.36 1.49836 
17.37 1.49793 
17.38 1.49745 
17.39 1.49692 
17.4 1.49634 
17.41 1.49571 
17.42 1.49503 
17.43 1.4943 
17.44 1.49353 
17.45 1.4927 
17.46 1.49182 
17.47 1.4909 
17.48 1.48992 
17.49 1.4889 
17.5 1.48783 
17.51 1.4867 
17.52 1.48553 
17.53 1.48431 
17.54 1.48305 
17.55 1.48173 
17.56 1.48037 
17.57 1.47896 
17.58 1.4775 
17.59 1.47599 
17.6 1.47443 
17.61 1.47283 
17.62 1.47118 
17.63 1.46949 
17.64 1.46774 
17.65 1.46595 
17.66 1.46411 
17.67 1.46223 
17.68 1.4603 
17.69 1.45833 
17.7 1.4563 
17.71 1.45424 
17.72 1.45212 
17.73 1.44997 
17.74 1.44776 
17.75 1.44551 
17.76 1.44322 
17.77 1.44089 
17.78 1.43851 
17.79 1.43608 
17.8 1.43361 
17.81 1.4311 
17.82 1.42855 
17.83 1.42595 
17.84 1.42331 
17.85 1.42063 
17.86 1.4179 
17.87 1.41514 
17.88 1.41233 
17.89 1.40948 
17.9 1.40659 
17.91 1.40366 
17.92 1.40069 
17.93 1.39768 
17.94 1.39463 
17.95 1.39154 
17.96 1.38841 
17.97 1.38524 
17.98 1.38203 
17.99 1.37879 
18 1.3755 
18.01 1.37218 
18.02 1.36883 
18.03 1.36543 
18.04 1.362 
18.05 1.35853 
18.06 1.35503 
18.07 1.35149 
18.08 1.34792 
18.09 1.34431 
18.1 1.34067 
18.11 1.33699 
18.12 1.33328 
18.13 1.32954 
18.14 1.32576 
18.15 1.32195 
18.16 1.31811 
18.17 1.31423 
18.18 1.31033 
18.19 1.30639 
18.2 1.30243 
18.21 1.29843 
18.22 1.2944 
18.23 1.29035 
18.24 1.28626 
18.25 1.28215 
18.26 1.27801 
18.27 1.27384 
18.28 1.26964 
18.29 1.26541 
18.3 1.26116 
18.31 1.25689 
18.32 1.25258 
18.33 1.24826 
18.34 1.2439 
18.35 1.23953 
18.36 1.23513 
18.37 1.2307 
18.38 1.22625 
18.39 1.22178 
18.4 1.21729 
18.41 1.21278 
18.42 1.20824 
18.43 1.20369 
18.44 1.19911 
18.45 1.19451 
18.46 1.1899 
18.47 1.18526 
18.48 1.18061 
18.49 1.17594 
18.5 1.17125 
18.51 1.16654 
18.52 1.16182 
18.53 1.15708 
18.54 1.15232 
18.55 1.14755 
18.56 1.14277 
18.57 1.13797 
18.58 1.13316 
18.59 1.12833 
18.6 1.12349 
18.61 1.11864 
18.62 1.11378 
18.63 1.1089 
18.64 1.10402 
18.65 1.09912 
18.66 1.09422 
18.67 1.0893 
18.68 1.08438 
18.69 1.07944 
18.7 1.0745 
18.71 1.06956 
18.72 1.0646 
18.73 1.05964 
18.74 1.05467 
18.75 1.0497 
18.76 1.04472 
18.77 1.03974 
18.78 1.03475 
18.79 1.02976 
18.8 1.02477 
18.81 1.01978 
18.82 1.01478 
18.83 1.00978 
18.84 1.00478 
18.85 0.999781 
18.86 0.994781 
18.87 0.989781 
18.88 0.984783 
18.89 0.979786 
18.9 0.974791 
18.91 0.969798 
18.92 0.964809 
18.93 0.959823 
18.94 0.954841 
18.95 0.949864 
18.96 0.944892 
18.97 0.939925 
18.98 0.934964 
18.99 0.93001 
19 0.925062 
19.01 0.920122 
19.02 0.915191 
19.03 0.910267 
19.04 0.905353 
19.05 0.900448 
19.06 0.895553 
19.07 0.890668 
19.08 0.885795 
19.09 0.880933 
19.1 0.876082 
19.11 0.871245 
19.12 0.86642 
19.13 0.861608 
19.14 0.85681 
19.15 0.852027 
19.16 0.847258 
19.17 0.842505 
19.18 0.837767 
19.19 0.833045 
19.2 0.828341 
19.21 0.823653 
19.22 0.818983 
19.23 0.814331 
19.24 0.809698 
19.25 0.805084 
19.26 0.800489 
19.27 0.795914 
19.28 0.79136 
19.29 0.786826 
19.3 0.782314 
19.31 0.777824 
19.32 0.773356 
19.33 0.76891 
19.34 0.764488 
19.35 0.760089 
19.36 0.755714 
19.37 0.751363 
19.38 0.747038 
19.39 0.742737 
19.4 0.738463 
19.41 0.734214 
19.42 0.729992 
19.43 0.725797 
19.44 0.72163 
19.45 0.71749 
19.46 0.713379 
19.47 0.709296 
19.48 0.705243 
19.49 0.701219 
19.5 0.697224 
19.51 0.69326 
19.52 0.689327 
19.53 0.685425 
19.54 0.681554 
19.55 0.677715 
19.56 0.673908 
19.57 0.670134 
19.58 0.666393 
19.59 0.662685 
19.6 0.659011 
19.61 0.655371 
19.62 0.651766 
19.63 0.648195 
19.64 0.64466 
19.65 0.64116 
19.66 0.637696 
19.67 0.634268 
19.68 0.630877 
19.69 0.627522 
19.7 0.624205 
19.71 0.620926 
19.72 0.617684 
19.73 0.614481 
19.74 0.611316 
19.75 0.60819 
19.76 0.605103 
19.77 0.602056 
19.78 0.599048 
19.79 0.596081 
19.8 0.593154 
19.81 0.590267 
19.82 0.587422 
19.83 0.584618 
19.84 0.581855 
19.85 0.579135 
19.86 0.576456 
19.87 0.57382 
19.88 0.571226 
19.89 0.568675 
19.9 0.566168 
19.91 0.563703 
19.92 0.561283 
19.93 0.558906 
19.94 0.556573 
19.95 0.554285 
19.96 0.552041 
19.97 0.549842 
19.98 0.547688 
19.99 0.545579 
20 0.543516 
20.01 0.541498 
20.02 0.539527 
20.03 0.537601 
20.04 0.535721 
20.05 0.533888 
20.06 0.532102 
20.07 0.530362 
20.08 0.528669 
20.09 0.527024 
20.1 0.525425 
20.11 0.523875 
20.12 0.522371 
20.13 0.520916 
20.14 0.519508 
20.15 0.518149 
20.16 0.516838 
20.17 0.515575 
20.18 0.51436 
20.19 0.513194 
20.2 0.512077 
20.21 0.511008 
20.22 0.509989 
20.23 0.509018 
20.24 0.508097 
20.25 0.507224 
20.26 0.506401 
20.27 0.505627 
20.28 0.504903 
20.29 0.504228 
20.3 0.503603 
20.31 0.503028 
20.32 0.502502 
20.33 0.502026 
20.34 0.501599 
20.35 0.501223 
20.36 0.500896 
20.37 0.50062 
20.38 0.500393 
20.39 0.500216 
20.4 0.500089 
20.41 0.500013 
20.42 0.499986 
20.43 0.500009 
20.44 0.500082 
20.45 0.500205 
20.46 0.500379 
20.47 0.500602 
20.48 0.500875 
20.49 0.501198 
20.5 0.501571 
20.51 0.501993 
20.52 0.502466 
20.53 0.502988 
20.54 0.50356 
20.55 0.504182 
20.56 0.504853 
20.57 0.505574 
20.58 0.506344 
20.59 0.507163 
20.6 0.508032 
20.61 0.50895 
20.62 0.509917 
20.63 0.510933 
20.64 0.511998 
20.65 0.513112 
20.66 0.514275 
20.67 0.515486 
20.68 0.516745 
20.69 0.518053 
20.7 0.519409 
20.71 0.520813 
20.72 0.522265 
20.73 0.523765 
20.74 0.525312 
20.75 0.526907 
20.76 0.528549 
20.77 0.530239 
20.78 0.531975 
20.79 0.533758 
20.8 0.535588 
20.81 0.537464 
20.82 0.539386 
20.83 0.541355 
20.84 0.543369 
20.85 0.545429 
20.86 0.547535 
20.87 0.549686 
20.88 0.551881 
20.89 0.554122 
20.9 0.556407 
20.91 0.558737 
20.92 0.56111 
20.93 0.563528 
20.94 0.565989 
20.95 0.568493 
20.96 0.571041 
20.97 0.573632 
20.98 0.576265 
20.99 0.578941 
21 0.581658 
21.01 0.584418 
21.02 0.587219 
21.03 0.590061 
21.04 0.592945 
21.05 0.595869 
21.06 0.598833 
21.07 0.601838 
21.08 0.604883 
21.09 0.607966 
21.1 0.61109 
21.11 0.614252 
21.12 0.617452 
21.13 0.620691 
21.14 0.623968 
21.15 0.627282 
21.16 0.630634 
21.17 0.634023 
21.18 0.637448 
21.19 0.640909 
21.2 0.644407 
21.21 0.64794 
21.22 0.651508 
21.23 0.655111 
21.24 0.658748 
21.25 0.66242 
21.26 0.666125 
21.27 0.669864 
21.28 0.673636 
21.29 0.67744 
21.3 0.681277 
21.31 0.685145 
21.32 0.689045 
21.33 0.692977 
21.34 0.696938 
21.35 0.700931 
21.36 0.704953 
21.37 0.709004 
21.38 0.713085 
21.39 0.717194 
21.4 0.721332 
21.41 0.725497 
21.42 0.72969 
21.43 0.73391 
21.44 0.738157 
21.45 0.742429 
21.46 0.746728 
21.47 0.751052 
21.48 0.7554 
21.49 0.759774 
21.5 0.764171 
21.51 0.768592 
21.52 0.773035 
21.53 0.777502 
21.54 0.781991 
21.55 0.786502 
21.56 0.791034 
21.57 0.795587 
21.58 0.80016 
21.59 0.804753 
21.6 0.809366 
21.61 0.813998 
21.62 0.818649 
21.63 0.823317 
21.64 0.828004 
21.65 0.832707 
21.66 0.837427 
21.67 0.842164 
21.68 0.846916 
21.69 0.851684 
21.7 0.856466 
21.71 0.861263 
21.72 0.866074 
21.73 0.870898 
21.74 0.875735 
21.75 0.880584 
21.76 0.885446 
21.77 0.890318 
21.78 0.895202 
21.79 0.900096 
21.8 0.905001 
21.81 0.909914 
21.82 0.914837 
21.83 0.919768 
21.84 0.924708 
21.85 0.929654 
21.86 0.934608 
21.87 0.939569 
21.88 0.944535 
21.89 0.949507 
21.9 0.954484 
21.91 0.959466 
21.92 0.964451 
21.93 0.969441 
21.94 0.974433 
21.95 0.979428 
21.96 0.984424 
21.97 0.989423 
21.98 0.994422 
21.99 0.999422 
22 1.00442 
22.01 1.00942 
22.02 1.01442 
22.03 1.01942 
22.04 1.02441 
22.05 1.02941 
22.06 1.0344 
22.07 1.03938 
22.08 1.04437 
22.09 1.04934 
22.1 1.05432 
22.11 1.05928 
22.12 1.06425 
22.13 1.0692 
22.14 1.07415 
22.15 1.07909 
22.16 1.08402 
22.17 1.08895 
22.18 1.09387 
22.19 1.09877 
22.2 1.10367 
22.21 1.10855 
22.22 1.11343 
22.23 1.11829 
22.24 1.12315 
22.25 1.12799 
22.26 1.13281 
22.27 1.13763 
22.28 1.14243 
22.29 1.14721 
22.3 1.15198 
22.31 1.15674 
22.32 1.16148 
22.33 1.1662 
22.34 1.17091 
22.35 1.1756 
22.36 1.18027 
22.37 1.18493 
22.38 1.18957 
22.39 1.19418 
22.4 1.19878 
22.41 1.20336 
22.42 1.20792 
22.43 1.21245 
22.44 1.21697 
22.45 1.22146 
22.46 1.22593 
22.47 1.23038 
22.48 1.23481 
22.49 1.23921 
22.5 1.24359 
22.51 1.24795 
22.52 1.25228 
22.53 1.25658 
22.54 1.26086 
22.55 1.26511 
22.56 1.26934 
22.57 1.27354 
22.58 1.27771 
22.59 1.28185 
22.6 1.28597 
22.61 1.29006 
22.62 1.29411 
22.63 1.29814 
22.64 1.30214 
22.65 1.30611 
22.66 1.31005 
22.67 1.31396 
22.68 1.31783 
22.69 1.32168 
22.7 1.32549 
22.71 1.32927 
22.72 1.33301 
22.73 1.33673 
22.74 1.34041 
22.75 1.34405 
22.76 1.34766 
22.77 1.35124 
22.78 1.35478 
22.79 1.35829 
22.8 1.36176 
22.81 1.36519 
22.82 1.36859 
22.83 1.37195 
22.84 1.37527 
22.85 1.37856 
22.86 1.3818 
22.87 1.38501 
22.88 1.38818 
22.89 1.39132 
22.9 1.39441 
22.91 1.39746 
22.92 1.40048 
22.93 1.40345 
22.94 1.40638 
22.95 1.40928 
22.96 1.41213 
22.97 1.41494 
22.98 1.41771 
22.99 1.42044 
23 1.42312 
23.01 1.42576 
23.02 1.42837 
23.03 1.43092 
23.04 1.43344 
23.05 1.43591 
23.06 1.43834 
23.07 1.44072 
23.08 1.44306 
23.09 1.44536 
23.1 1.44761 
23.11 1.44981 
23.12 1.45197 
23.13 1.45409 
23.14 1.45616 
23.15 1.45819 
23.16 1.46016 
23.17 1.4621 
23.18 1.46398 
23.19 1.46582 
23.2 1.46762 
23.21 1.46937 
23.22 1.47107 
23.23 1.47272 
23.24 1.47432 
23.25 1.47588 
23.26 1.47739 
23.27 1.47886 
23.28 1.48027 
23.29 1.48164 
23.3 1.48296 
23.31 1.48423 
23.32 1.48545 
23.33 1.48663 
23.34 1.48775 
23.35 1.48883 
23.36 1.48985 
23.37 1.49083 
23.38 1.49176 
23.39 1.49264 
23.4 1.49347 
23.41 1.49425 
23.42 1.49499 
23.43 1.49567 
23.44 1.4963 
23.45 1.49689 
23.46 1.49742 
23.47 1.4979 
23.48 1.49834 
23.49 1.49872 
23.5 1.49906 
23.51 1.49934 
23.52 1.49958 
23.53 1.49976 
23.54 1.4999 
23.55 1.49998 
23.56 1.50002 
23.57 1.5 
23.58 1.49993 
23.59 1.49982 
23.6 1.49965 
23.61 1.49944 
23.62 1.49917 
23.63 1.49886 
23.64 1.49849 
23.65 1.49808 
23.66 1.49761 
23.67 1.4971 
23.68 1.49654 
23.69 1.49592 
23.7 1.49526 
23.71 1.49455 
23.72 1.49378 
23.73 1.49297 
23.74 1.49211 
23.75 1.4912 
23.76 1.49024 
23.77 1.48923 
23.78 1.48818 
23.79 1.48707 
23.8 1.48592 
23.81 1.48471 
23.82 1.48346 
23.83 1.48216 
23.84 1.48081 
23.85 1.47942 
23.86 1.47797 
23.87 1.47648 
23.88 1.47494 
23.89 1.47335 
23.9 1.47172 
23.91 1.47004 
23.92 1.46831 
23.93 1.46653 
23.94 1.46471 
23.95 1.46284 
23.96 1.46092 
23.97 1.45896 
23.98 1.45696 
23.99 1.4549 
24 1.45281 
24.01 1.45066 
24.02 1.44847 
24.03 1.44624 
24.04 1.44396 
24.05 1.44164 
24.06 1.43927 
24.07 1.43686 
24.08 1.43441 
24.09 1.43191 
24.1 1.42937 
24.11 1.42679 
24.12 1.42416 
24.13 1.42149 
24.14 1.41878 
24.15 1.41603 
24.16 1.41323 
24.17 1.4104 
24.18 1.40752 
24.19 1.4046 
24.2 1.40164 
24.21 1.39865 
24.22 1.39561 
24.23 1.39253 
24.24 1.38941 
24.25 1.38626 
24.26 1.38306 
24.27 1.37983 
24.28 1.37656 
24.29 1.37325 
24.3 1.3699 
24.31 1.36652 
24.32 1.3631 
24.33 1.35965 
24.34 1.35615 
24.35 1.35263 
24.36 1.34906 
24.37 1.34547 
24.38 1.34183 
24.39 1.33817 
24.4 1.33447 
24.41 1.33074 
24.42 1.32697 
24.43 1.32317 
24.44 1.31934 
24.45 1.31547 
24.46 1.31158 
24.47 1.30765 
24.48 1.3037 
24.49 1.29971 
24.5 1.29569 
24.51 1.29164 
24.52 1.28757 
24.53 1.28346 
24.54 1.27933 
24.55 1.27517 
24.56 1.27098 
24.57 1.26677 
24.58 1.26252 
24.59 1.25825 
24.6 1.25396 
24.61 1.24964 
24.62 1.2453 
24.63 1.24093 
24.64 1.23653 
24.65 1.23212 
24.66 1.22768 
24.67 1.22321 
24.68 1.21873 
24.69 1.21422 
24.7 1.20969 
24.71 1.20514 
24.72 1.20057 
24.73 1.19598 
24.74 1.19137 
24.75 1.18674 
24.76 1.18209 
24.77 1.17743 
24.78 1.17275 
24.79 1.16804 
24.8 1.16333 
24.81 1.15859 
24.82 1.15384 
24.83 1.14908 
24.84 1.1443 
24.85 1.1395 
24.86 1.13469 
24.87 1.12987 
24.88 1.12504 
24.89 1.12019 
24.9 1.11533 
24.91 1.11046 
24.92 1.10558 
24.93 1.10068 
24.94 1.09578 
24.95 1.09087 
24.96 1.08595 
24.97 1.08102 
24.98 1.07608 
24.99 1.07113 
25 1.06618 
25.01 1.06122 
25.02 1.05626 
25.03 1.05129 
25.04 1.04631 
25.05 1.04133 
25.06 1.03634 
25.07 1.03135 
25.08 1.02636 
25.09 1.02137 
25.1 1.01637 
25.11 1.01137 
25.12 1.00637 
25.13 1.00137 
25.14 0.996374 
25.15 0.991375 
25.16 0.986376 
25.17 0.981378 
25.18 0.976382 
25.19 0.971389 
25.2 0.966399 
25.21 0.961411 
25.22 0.956428 
25.23 0.951449 
25.24 0.946475 
25.25 0.941507 
25.26 0.936544 
25.27 0.931587 
25.28 0.926638 
25.29 0.921695 
25.3 0.916761 
25.31 0.911835 
25.32 0.906917 
25.33 0.902009 
25.34 0.897111 
25.35 0.892223 
25.36 0.887346 
25.37 0.88248 
25.38 0.877626 
25.39 0.872784 
25.4 0.867955 
25.41 0.863139 
25.42 0.858337 
25.43 0.853548 
25.44 0.848775 
25.45 0.844017 
25.46 0.839274 
25.47 0.834547 
25.48 0.829837 
25.49 0.825144 
25.5 0.820468 
25.51 0.81581 
25.52 0.811171 
25.53 0.806551 
25.54 0.80195 
25.55 0.797368 
25.56 0.792807 
25.57 0.788267 
25.58 0.783748 
25.59 0.779251 
25.6 0.774775 
25.61 0.770322 
25.62 0.765892 
25.63 0.761486 
25.64 0.757103 
25.65 0.752745 
25.66 0.748411 
25.67 0.744103 
25.68 0.73982 
25.69 0.735563 
25.7 0.731333 
25.71 0.727129 
25.72 0.722953 
25.73 0.718804 
25.74 0.714684 
25.75 0.710592 
25.76 0.706529 
25.77 0.702495 
25.78 0.698492 
25.79 0.694518 
25.8 0.690575 
25.81 0.686662 
25.82 0.682782 
25.83 0.678932 
25.84 0.675115 
25.85 0.671331 
25.86 0.667579 
25.87 0.66386 
25.88 0.660176 
25.89 0.656525 
25.9 0.652908 
25.91 0.649326 
25.92 0.64578 
25.93 0.642268 
25.94 0.638793 
25.95 0.635353 
25.96 0.63195 
25.97 0.628584 
25.98 0.625255 
25.99 0.621963 
26 0.61871 
26.01 0.615494 
26.02 0.612317 
26.03 0.609179 
26.04 0.606079 
26.05 0.603019 
26.06 0.599999 
26.07 0.597019 
26.08 0.594079 
26.09 0.59118 
26.1 0.588321 
26.11 0.585504 
26.12 0.582728 
26.13 0.579994 
26.14 0.577302 
26.15 0.574652 
26.16 0.572044 
26.17 0.56948 
26.18 0.566958 
26.19 0.56448 
26.2 0.562046 
26.21 0.559655 
26.22 0.557308 
26.23 0.555005 
26.24 0.552747 
26.25 0.550534 
26.26 0.548366 
26.27 0.546243 
26.28 0.544165 
26.29 0.542133 
26.3 0.540146 
26.31 0.538206 
26.32 0.536311 
26.33 0.534463 
26.34 0.532662 
26.35 0.530908 
26.36 0.5292 
26.37 0.527539 
26.38 0.525926 
26.39 0.52436 
26.4 0.522841 
26.41 0.521371 
26.42 0.519948 
26.43 0.518573 
26.44 0.517246 
26.45 0.515968 
26.46 0.514738 
26.47 0.513556 
26.48 0.512424 
26.49 0.511339 
26.5 0.510304 
26.51 0.509318 
26.52 0.508381 
26.53 0.507493 
26.54 0.506654 
26.55 0.505864 
26.56 0.505124 
26.57 0.504434 
26.58 0.503793 
26.59 0.503202 
26.6 0.50266 
26.61 0.502168 
26.62 0.501726 
26.63 0.501333 
26.64 0.500991 
26.65 0.500698 
26.66 0.500456 
26.67 0.500263 
26.68 0.50012 
26.69 0.500028 
26.7 0.499985 
26.71 0.499992 
26.72 0.500049 
26.73 0.500157 
26.74 0.500314 
26.75 0.500521 
26.76 0.500778 
26.77 0.501085 
26.78 0.501442 
26.79 0.501849 
26.8 0.502306 
26.81 0.502812 
26.82 0.503368 
26.83 0.503974 
26.84 0.504629 
26.85 0.505334 
26.86 0.506089 
26.87 0.506893 
26.88 0.507746 
26.89 0.508648 
26.9 0.509599 
26.91 0.5106 
26.92 0.511649 
26.93 0.512748 
26.94 0.513895 
26.95 0.51509 
26.96 0.516334 
26.97 0.517627 
26.98 0.518968 
26.99 0.520356 
27 0.521793 
27.01 0.523278 
27.02 0.52481 
27.03 0.52639 
27.04 0.528017 
27.05 0.529691 
27.06 0.531413 
27.07 0.533181 
27.08 0.534996 
27.09 0.536857 
27.1 0.538765 
27.11 0.540719 
27.12 0.542718 
27.13 0.544764 
27.14 0.546855 
27.15 0.548991 
27.16 0.551173 
27.17 0.553399 
27.18 0.55567 
27.19 0.557985 
27.2 0.560345 
27.21 0.562749 
27.22 0.565196 
27.23 0.567687 
27.24 0.570221 
27.25 0.572798 
27.26 0.575417 
27.27 0.57808 
27.28 0.580784 
27.29 0.58353 
27.3 0.586318 
27.31 0.589147 
27.32 0.592018 
27.33 0.594929 
27.34 0.597881 
27.35 0.600873 
27.36 0.603904 
27.37 0.606976 
27.38 0.610086 
27.39 0.613236 
27.4 0.616425 
27.41 0.619651 
27.42 0.622916 
27.43 0.626219 
27.44 0.629559 
27.45 0.632935 
27.46 0.636349 
27.47 0.639799 
27.48 0.643285 
27.49 0.646807 
27.5 0.650364 
27.51 0.653956 
27.52 0.657582 
27.53 0.661243 
27.54 0.664938 
27.55 0.668666 
27.56 0.672427 
27.57 0.676221 
27.58 0.680048 
27.59 0.683906 
27.6 0.687796 
27.61 0.691718 
27.62 0.69567 
27.63 0.699652 
27.64 0.703665 
27.65 0.707707 
27.66 0.711778 
27.67 0.715879 
27.68 0.720007 
27.69 0.724164 
27.7 0.728348 
27.71 0.73256 
27.72 0.736798 
27.73 0.741062 
27.74 0.745353 
27.75 0.749668 
27.76 0.754009 
27.77 0.758375 
27.78 0.762764 
27.79 0.767178 
27.8 0.771614 
27.81 0.776074 
27.82 0.780556 
27.83 0.78506 
27.84 0.789585 
27.85 0.794131 
27.86 0.798698 
27.87 0.803285 
27.88 0.807892 
27.89 0.812518 
27.9 0.817163 
27.91 0.821826 
27.92 0.826506 
27.93 0.831205 
27.94 0.83592 
27.95 0.840651 
27.96 0.845398 
27.97 0.850161 
27.98 0.854939 
27.99 0.859731 
28 0.864538 
28.01 0.869358 
28.02 0.874191 
28.03 0.879036 
28.04 0.883894 
28.05 0.888763 
28.06 0.893643 
28.07 0.898534 
28.08 0.903436 
28.09 0.908346 
28.1 0.913266 
28.11 0.918195 
28.12 0.923132 
28.13 0.928076 
28.14 0.933028 
28.15 0.937986 
28.16 0.942951 
28.17 0.947921 
28.18 0.952897 
28.19 0.957877 
28.2 0.962862 
28.21 0.96785 
28.22 0.972841 
28.23 0.977835 
28.24 0.982831 
28.25 0.987829 
28.26 0.992829 
28.27 0.997829 
28.28 1.00283 
28.29 1.00783 
28.3 1.01283 
28.31 1.01783 
28.32 1.02282 
28.33 1.02782 
28.34 1.03281 
28.35 1.03779 
28.36 1.04278 
28.37 1.04776 
28.38 1.05273 
28.39 1.0577 
28.4 1.06267 
28.41 1.06762 
28.42 1.07257 
28.43 1.07752 
28.44 1.08245 
28.45 1.08738 
28.46 1.0923 
28.47 1.09721 
28.48 1.10211 
28.49 1.107 
28.5 1.11188 
28.51 1.11675 
28.52 1.1216 
28.53 1.12645 
28.54 1.13128 
28.55 1.1361 
28.56 1.1409 
28.57 1.14569 
28.58 1.15047 
28.59 1.15523 
28.6 1.15997 
28.61 1.1647 
28.62 1.16941 
28.63 1.17411 
28.64 1.17879 
28.65 1.18345 
28.66 1.18809 
28.67 1.19272 
28.68 1.19732 
28.69 1.2019 
28.7 1.20647 
28.71 1.21101 
28.72 1.21553 
28.73 1.22004 
28.74 1.22451 
28.75 1.22897 
28.76 1.2334 
28.77 1.23781 
28.78 1.2422 
28.79 1.24656 
28.8 1.2509 
28.81 1.25521 
28.82 1.2595 
28.83 1.26376 
28.84 1.268 
28.85 1.2722 
28.86 1.27638 
28.87 1.28054 
28.88 1.28466 
28.89 1.28876 
28.9 1.29283 
28.91 1.29687 
28.92 1.30087 
28.93 1.30485 
28.94 1.3088 
28.95 1.31272 
28.96 1.3166 
28.97 1.32046 
28.98 1.32428 
28.99 1.32807 
29 1.33183 
29.01 1.33555 
29.02 1.33924 
29.03 1.3429 
29.04 1.34652 
29.05 1.35011 
29.06 1.35366 
29.07 1.35718 
29.08 1.36066 
29.09 1.3641 
29.1 1.36751 
29.11 1.37088 
29.12 1.37422 
29.13 1.37752 
29.14 1.38078 
29.15 1.384 
29.16 1.38718 
29.17 1.39033 
29.18 1.39343 
29.19 1.3965 
29.2 1.39952 
29.21 1.40251 
29.22 1.40546 
29.23 1.40836 
29.24 1.41123 
29.25 1.41405 
29.26 1.41683 
29.27 1.41958 
29.28 1.42227 
29.29 1.42493 
29.3 1.42755 
29.31 1.43012 
29.32 1.43264 
29.33 1.43513 
29.34 1.43757 
29.35 1.43997 
29.36 1.44232 
29.37 1.44463 
29.38 1.4469 
29.39 1.44912 
29.4 1.45129 
29.41 1.45342 
29.42 1.45551 
29.43 1.45755 
29.44 1.45954 
29.45 1.46149 
29.46 1.46339 
29.47 1.46525 
29.48 1.46706 
29.49 1.46882 
29.5 1.47053 
29.51 1.4722 
29.52 1.47382 
29.53 1.4754 
29.54 1.47692 
29.55 1.4784 
29.56 1.47983 
29.57 1.48121 
29.58 1.48255 
29.59 1.48383 
29.6 1.48507 
29.61 1.48626 
29.62 1.4874 
29.63 1.48849 
29.64 1.48954 
29.65 1.49053 
29.66 1.49148 
29.67 1.49237 
29.68 1.49322 
29.69 1.49402 
29.7 1.49476 
29.71 1.49546 
29.72 1.49611 
29.73 1.49671 
29.74 1.49726 
29.75 1.49776 
29.76 1.49821 
29.77 1.49861 
29.78 1.49896 
29.79 1.49926 
29.8 1.49951 
29.81 1.49971 
29.82 1.49986 
29.83 1.49996 
29.84 1.50001 
29.85 1.50002 
29.86 1.49997 
29.87 1.49987 
29.88 1.49972 
29.89 1.49952 
29.9 1.49927 
29.91 1.49897 
29.92 1.49862 
29.93 1.49822 
29.94 1.49777 
29.95 1.49727 
29.96 1.49673 
29.97 1.49613 
29.98 1.49548 
29.99 1.49478 
30 1.49404 
30.01 1.49324 
30.02 1.4924 
30.03 1.4915 
30.04 1.49056 
30.05 1.48957 
30.06 1.48852 
30.07 1.48743 
30.08 1.48629 
30.09 1.48511 
30.1 1.48387 
30.11 1.48258 
30.12 1.48125 
30.13 1.47987 
30.14 1.47844 
30.15 1.47696 
30.16 1.47544 
30.17 1.47387 
30.18 1.47225 
30.19 1.47058 
30.2 1.46887 
30.21 1.46711 
30.22 1.4653 
30.23 1.46344 
30.24 1.46154 
30.25 1.4596 
30.26 1.45761 
30.27 1.45557 
30.28 1.45348 
30.29 1.45135 
30.3 1.44918 
30.31 1.44696 
30.32 1.4447 
30.33 1.44239 
30.34 1.44004 
30.35 1.43764 
30.36 1.4352 
30.37 1.43272 
30.38 1.43019 
30.39 1.42762 
30.4 1.42501 
30.41 1.42235 
30.42 1.41965 
30.43 1.41691 
30.44 1.41413 
30.45 1.41131 
30.46 1.40844 
30.47 1.40554 
30.48 1.40259 
30.49 1.39961 
30.5 1.39658 
30.51 1.39352 
30.52 1.39041 
30.53 1.38727 
30.54 1.38409 
30.55 1.38087 
30.56 1.37761 
30.57 1.37431 
30.58 1.37098 
30.59 1.36761 
30.6 1.3642 
30.61 1.36075 
30.62 1.35727 
30.63 1.35376 
30.64 1.35021 
30.65 1.34662 
30.66 1.343 
30.67 1.33934 
30.68 1.33565 
30.69 1.33193 
30.7 1.32818 
30.71 1.32439 
30.72 1.32057 
30.73 1.31671 
30.74 1.31283 
30.75 1.30891 
30.76 1.30496 
30.77 1.30099 
30.78 1.29698 
30.79 1.29294 
30.8 1.28887 
30.81 1.28478 
30.82 1.28065 
30.83 1.2765 
30.84 1.27232 
30.85 1.26811 
30.86 1.26388 
30.87 1.25962 
30.88 1.25533 
30.89 1.25102 
30.9 1.24669 
30.91 1.24232 
30.92 1.23794 
30.93 1.23353 
30.94 1.2291 
30.95 1.22464 
30.96 1.22016 
30.97 1.21566 
30.98 1.21114 
30.99 1.2066 
31 1.20203 
31.01 1.19745 
31.02 1.19284 
31.03 1.18822 
31.04 1.18358 
31.05 1.17892 
31.06 1.17424 
31.07 1.16955 
31.08 1.16483 
31.09 1.1601 
31.1 1.15536 
31.11 1.1506 
31.12 1.14582 
31.13 1.14103 
31.14 1.13623 
31.15 1.13141 
31.16 1.12658 
31.17 1.12174 
31.18 1.11688 
31.19 1.11201 
31.2 1.10714 
31.21 1.10225 
31.22 1.09735 
31.23 1.09244 
31.24 1.08752 
31.25 1.08259 
31.26 1.07766 
31.27 1.07271 
31.28 1.06776 
31.29 1.0628 
31.3 1.05784 
31.31 1.05287 
31.32 1.0479 
31.33 1.04292 
31.34 1.03793 
31.35 1.03295 
31.36 1.02795 
31.37 1.02296 
31.38 1.01796 
31.39 1.01297 
31.4 1.00797 
31.41 1.00297 
31.42 0.997968 
31.43 0.992968 
31.44 0.987969 
