0 1 
0.01 0.995001 
0.02 0.990003 
0.03 0.985007 
0.04 0.980013 
0.05 0.975023 
0.06 0.970036 
0.07 0.965053 
0.08 0.960074 
0.09 0.9551 
0.1 0.950132 
0.11 0.945169 
0.12 0.940213 
0.13 0.935264 
0.14 0.930322 
0.15 0.925388 
0.16 0.920462 
0.17 0.915545 
0.18 0.910637 
0.19 0.905739 
0.2 0.900852 
0.21 0.895975 
0.22 0.891109 
0.23 0.886255 
0.24 0.881413 
0.25 0.876584 
0.26 0.871768 
0.27 0.866965 
0.28 0.862177 
0.29 0.857403 
0.3 0.852644 
0.31 0.8479 
0.32 0.843173 
0.33 0.838461 
0.34 0.833767 
0.35 0.82909 
0.36 0.824431 
0.37 0.81979 
0.38 0.815167 
0.39 0.810564 
0.4 0.805981 
0.41 0.801417 
0.42 0.796874 
0.43 0.792352 
0.44 0.787851 
0.45 0.783372 
0.46 0.778916 
0.47 0.774482 
0.48 0.770071 
0.49 0.765684 
0.5 0.761321 
0.51 0.756982 
0.52 0.752669 
0.53 0.74838 
0.54 0.744117 
0.55 0.739881 
0.56 0.735671 
0.57 0.731488 
0.58 0.727332 
0.59 0.723204 
0.6 0.719104 
0.61 0.715033 
0.62 0.710991 
0.63 0.706978 
0.64 0.702996 
0.65 0.699043 
0.66 0.695121 
0.67 0.69123 
0.68 0.68737 
0.69 0.683542 
0.7 0.679746 
0.71 0.675982 
0.72 0.672252 
0.73 0.668555 
0.74 0.664891 
0.75 0.661261 
0.76 0.657665 
0.77 0.654105 
0.78 0.650579 
0.79 0.647088 
0.8 0.643634 
0.81 0.640215 
0.82 0.636833 
0.83 0.633487 
0.84 0.630178 
0.85 0.626907 
0.86 0.623674 
0.87 0.620478 
0.88 0.617321 
0.89 0.614203 
0.9 0.611123 
0.91 0.608083 
0.92 0.605082 
0.93 0.602122 
0.94 0.599201 
0.95 0.596321 
0.96 0.593481 
0.97 0.590683 
0.98 0.587926 
0.99 0.58521 
1 0.582536 
1.01 0.579904 
1.02 0.577315 
1.03 0.574768 
1.04 0.572264 
1.05 0.569803 
1.06 0.567386 
1.07 0.565012 
1.08 0.562682 
1.09 0.560396 
1.1 0.558154 
1.11 0.555957 
1.12 0.553804 
1.13 0.551696 
1.14 0.549634 
1.15 0.547617 
1.16 0.545645 
1.17 0.543719 
1.18 0.541839 
1.19 0.540005 
1.2 0.538218 
1.21 0.536476 
1.22 0.534782 
1.23 0.533134 
1.24 0.531534 
1.25 0.52998 
1.26 0.528474 
1.27 0.527015 
1.28 0.525604 
1.29 0.52424 
1.3 0.522924 
1.31 0.521657 
1.32 0.520437 
1.33 0.519266 
1.34 0.518143 
1.35 0.517068 
1.36 0.516042 
1.37 0.515064 
1.38 0.514136 
1.39 0.513256 
1.4 0.512425 
1.41 0.511643 
1.42 0.510911 
1.43 0.510227 
1.44 0.509593 
1.45 0.509008 
1.46 0.508472 
1.47 0.507986 
1.48 0.507549 
1.49 0.507162 
1.5 0.506824 
1.51 0.506536 
1.52 0.506297 
1.53 0.506108 
1.54 0.505969 
1.55 0.505879 
1.56 0.505839 
1.57 0.505849 
1.58 0.505908 
1.59 0.506018 
1.6 0.506176 
1.61 0.506385 
1.62 0.506642 
1.63 0.50695 
1.64 0.507307 
1.65 0.507714 
1.66 0.50817 
1.67 0.508675 
1.68 0.50923 
1.69 0.509835 
1.7 0.510488 
1.71 0.511191 
1.72 0.511943 
1.73 0.512744 
1.74 0.513594 
1.75 0.514493 
1.76 0.51544 
1.77 0.516437 
1.78 0.517482 
1.79 0.518575 
1.8 0.519717 
1.81 0.520907 
1.82 0.522146 
1.83 0.523432 
1.84 0.524767 
1.85 0.526149 
1.86 0.527579 
1.87 0.529056 
1.88 0.530581 
1.89 0.532153 
1.9 0.533772 
1.91 0.535438 
1.92 0.537151 
1.93 0.53891 
1.94 0.540716 
1.95 0.542568 
1.96 0.544466 
1.97 0.546409 
1.98 0.548399 
1.99 0.550434 
2 0.552514 
2.01 0.554639 
2.02 0.556809 
2.03 0.559024 
2.04 0.561283 
2.05 0.563586 
2.06 0.565934 
2.07 0.568325 
2.08 0.570759 
2.09 0.573237 
2.1 0.575757 
2.11 0.578321 
2.12 0.580927 
2.13 0.583575 
2.14 0.586265 
2.15 0.588997 
2.16 0.591771 
2.17 0.594585 
2.18 0.597441 
2.19 0.600337 
2.2 0.603273 
2.21 0.606249 
2.22 0.609266 
2.23 0.612321 
2.24 0.615416 
2.25 0.618549 
2.26 0.621722 
2.27 0.624932 
2.28 0.62818 
2.29 0.631466 
2.3 0.634789 
2.31 0.638149 
2.32 0.641546 
2.33 0.644978 
2.34 0.648447 
2.35 0.651951 
2.36 0.655491 
2.37 0.659065 
2.38 0.662674 
2.39 0.666317 
2.4 0.669994 
2.41 0.673705 
2.42 0.677448 
2.43 0.681224 
2.44 0.685033 
2.45 0.688873 
2.46 0.692745 
2.47 0.696649 
2.48 0.700583 
2.49 0.704547 
2.5 0.708542 
2.51 0.712566 
2.52 0.71662 
2.53 0.720702 
2.54 0.724813 
2.55 0.728952 
2.56 0.733118 
2.57 0.737312 
2.58 0.741532 
2.59 0.745779 
2.6 0.750052 
2.61 0.75435 
2.62 0.758674 
2.63 0.763022 
2.64 0.767395 
2.65 0.771791 
2.66 0.776211 
2.67 0.780654 
2.68 0.785119 
2.69 0.789607 
2.7 0.794116 
2.71 0.798646 
2.72 0.803197 
2.73 0.807768 
2.74 0.81236 
2.75 0.81697 
2.76 0.8216 
2.77 0.826248 
2.78 0.830915 
2.79 0.835598 
2.8 0.840299 
2.81 0.845017 
2.82 0.849751 
2.83 0.854501 
2.84 0.859266 
2.85 0.864045 
2.86 0.868839 
2.87 0.873647 
2.88 0.878469 
2.89 0.883303 
2.9 0.88815 
2.91 0.893008 
2.92 0.897878 
2.93 0.90276 
2.94 0.907651 
2.95 0.912553 
2.96 0.917465 
2.97 0.922385 
2.98 0.927314 
2.99 0.932251 
3 0.937196 
3.01 0.942148 
3.02 0.947107 
3.03 0.952072 
3.04 0.957042 
3.05 0.962018 
3.06 0.966999 
3.07 0.971983 
3.08 0.976972 
3.09 0.981964 
3.1 0.986958 
3.11 0.991955 
3.12 0.996954 
3.13 1.00195 
3.14 1.00695 
3.15 1.01196 
3.16 1.01696 
3.17 1.02196 
3.18 1.02696 
3.19 1.03195 
3.2 1.03695 
3.21 1.04194 
3.22 1.04693 
3.23 1.05192 
3.24 1.0569 
3.25 1.06188 
3.26 1.06685 
3.27 1.07181 
3.28 1.07677 
3.29 1.08173 
3.3 1.08668 
3.31 1.09162 
3.32 1.09655 
3.33 1.10147 
3.34 1.10638 
3.35 1.11129 
3.36 1.11618 
3.37 1.12107 
3.38 1.12594 
3.39 1.13081 
3.4 1.13566 
3.41 1.14049 
3.42 1.14532 
3.43 1.15013 
3.44 1.15493 
3.45 1.15972 
3.46 1.16449 
3.47 1.16924 
3.48 1.17398 
3.49 1.1787 
3.5 1.18341 
3.51 1.1881 
3.52 1.19277 
3.53 1.19743 
3.54 1.20206 
3.55 1.20668 
3.56 1.21128 
3.57 1.21586 
3.58 1.22042 
3.59 1.22495 
3.6 1.22947 
3.61 1.23397 
3.62 1.23844 
3.63 1.24289 
3.64 1.24732 
3.65 1.25172 
3.66 1.25611 
3.67 1.26046 
3.68 1.2648 
3.69 1.26911 
3.7 1.27339 
3.71 1.27765 
3.72 1.28188 
3.73 1.28608 
3.74 1.29026 
3.75 1.29441 
3.76 1.29853 
3.77 1.30263 
3.78 1.30669 
3.79 1.31073 
3.8 1.31474 
3.81 1.31872 
3.82 1.32266 
3.83 1.32658 
3.84 1.33047 
3.85 1.33432 
3.86 1.33815 
3.87 1.34194 
3.88 1.3457 
3.89 1.34942 
3.9 1.35312 
3.91 1.35678 
3.92 1.3604 
3.93 1.36399 
3.94 1.36755 
3.95 1.37107 
3.96 1.37456 
3.97 1.37801 
3.98 1.38143 
3.99 1.38481 
4 1.38815 
4.01 1.39145 
4.02 1.39472 
4.03 1.39795 
4.04 1.40115 
4.05 1.4043 
4.06 1.40742 
4.07 1.4105 
4.08 1.41354 
4.09 1.41653 
4.1 1.41949 
4.11 1.42241 
4.12 1.42529 
4.13 1.42813 
4.14 1.43093 
4.15 1.43369 
4.16 1.4364 
4.17 1.43908 
4.18 1.44171 
4.19 1.4443 
4.2 1.44685 
4.21 1.44936 
4.22 1.45182 
4.23 1.45424 
4.24 1.45661 
4.25 1.45895 
4.26 1.46124 
4.27 1.46348 
4.28 1.46568 
4.29 1.46784 
4.3 1.46995 
4.31 1.47202 
4.32 1.47404 
4.33 1.47602 
4.34 1.47795 
4.35 1.47983 
4.36 1.48167 
4.37 1.48347 
4.38 1.48522 
4.39 1.48692 
4.4 1.48857 
4.41 1.49018 
4.42 1.49174 
4.43 1.49326 
4.44 1.49472 
4.45 1.49614 
4.46 1.49752 
4.47 1.49884 
4.48 1.50012 
4.49 1.50135 
4.5 1.50253 
4.51 1.50367 
4.52 1.50475 
4.53 1.50579 
4.54 1.50678 
4.55 1.50772 
4.56 1.50861 
4.57 1.50946 
4.58 1.51025 
4.59 1.511 
4.6 1.5117 
4.61 1.51235 
4.62 1.51295 
4.63 1.5135 
4.64 1.514 
4.65 1.51445 
4.66 1.51485 
4.67 1.51521 
4.68 1.51551 
4.69 1.51577 
4.7 1.51598 
4.71 1.51613 
4.72 1.51624 
4.73 1.5163 
4.74 1.51631 
4.75 1.51627 
4.76 1.51618 
4.77 1.51604 
4.78 1.51585 
4.79 1.51562 
4.8 1.51533 
4.81 1.51499 
4.82 1.51461 
4.83 1.51418 
4.84 1.51369 
4.85 1.51316 
4.86 1.51258 
4.87 1.51195 
4.88 1.51127 
4.89 1.51054 
4.9 1.50977 
4.91 1.50894 
4.92 1.50807 
4.93 1.50714 
4.94 1.50617 
4.95 1.50515 
4.96 1.50408 
4.97 1.50297 
4.98 1.50181 
4.99 1.50059 
5 1.49933 
5.01 1.49803 
5.02 1.49667 
5.03 1.49527 
5.04 1.49382 
5.05 1.49232 
5.06 1.49078 
5.07 1.48919 
5.08 1.48755 
5.09 1.48587 
5.1 1.48414 
5.11 1.48236 
5.12 1.48054 
5.13 1.47867 
5.14 1.47676 
5.15 1.4748 
5.16 1.47279 
5.17 1.47074 
5.18 1.46865 
5.19 1.46651 
5.2 1.46432 
5.21 1.4621 
5.22 1.45982 
5.23 1.45751 
5.24 1.45515 
5.25 1.45274 
5.26 1.4503 
5.27 1.44781 
5.28 1.44528 
5.29 1.4427 
5.3 1.44009 
5.31 1.43743 
5.32 1.43473 
5.33 1.43199 
5.34 1.4292 
5.35 1.42638 
5.36 1.42351 
5.37 1.42061 
5.38 1.41767 
5.39 1.41468 
5.4 1.41166 
5.41 1.40859 
5.42 1.40549 
5.43 1.40235 
5.44 1.39917 
5.45 1.39596 
5.46 1.3927 
5.47 1.38941 
5.48 1.38608 
5.49 1.38272 
5.5 1.37931 
5.51 1.37588 
5.52 1.3724 
5.53 1.36889 
5.54 1.36535 
5.55 1.36177 
5.56 1.35816 
5.57 1.35451 
5.58 1.35083 
5.59 1.34712 
5.6 1.34337 
5.61 1.33959 
5.62 1.33578 
5.63 1.33194 
5.64 1.32806 
5.65 1.32416 
5.66 1.32022 
5.67 1.31626 
5.68 1.31226 
5.69 1.30823 
5.7 1.30418 
5.71 1.30009 
5.72 1.29598 
5.73 1.29184 
5.74 1.28767 
5.75 1.28348 
5.76 1.27926 
5.77 1.27501 
5.78 1.27074 
5.79 1.26644 
5.8 1.26212 
5.81 1.25777 
5.82 1.25339 
5.83 1.249 
5.84 1.24458 
5.85 1.24013 
5.86 1.23567 
5.87 1.23118 
5.88 1.22667 
5.89 1.22214 
5.9 1.21759 
5.91 1.21302 
5.92 1.20843 
5.93 1.20382 
5.94 1.19919 
5.95 1.19454 
5.96 1.18988 
5.97 1.18519 
5.98 1.18049 
5.99 1.17578 
6 1.17104 
6.01 1.1663 
6.02 1.16153 
6.03 1.15675 
6.04 1.15196 
6.05 1.14715 
6.06 1.14233 
6.07 1.1375 
6.08 1.13265 
6.09 1.12779 
6.1 1.12292 
6.11 1.11804 
6.12 1.11315 
6.13 1.10825 
6.14 1.10334 
6.15 1.09842 
6.16 1.09349 
6.17 1.08856 
6.18 1.08361 
6.19 1.07866 
6.2 1.0737 
6.21 1.06874 
6.22 1.06377 
6.23 1.05879 
6.24 1.05381 
6.25 1.04883 
6.26 1.04384 
6.27 1.03885 
6.28 1.03385 
6.29 1.02886 
6.3 1.02386 
6.31 1.01886 
6.32 1.01386 
6.33 1.00886 
6.34 1.00385 
6.35 0.998854 
6.36 0.993855 
6.37 0.988858 
6.38 0.983862 
6.39 0.978869 
6.4 0.973879 
6.41 0.968893 
6.42 0.963911 
6.43 0.958933 
6.44 0.953961 
6.45 0.948994 
6.46 0.944032 
6.47 0.939078 
6.48 0.93413 
6.49 0.92919 
6.5 0.924258 
6.51 0.919334 
6.52 0.914419 
6.53 0.909513 
6.54 0.904618 
6.55 0.899732 
6.56 0.894858 
6.57 0.889995 
6.58 0.885144 
6.59 0.880304 
6.6 0.875478 
6.61 0.870665 
6.62 0.865866 
6.63 0.86108 
6.64 0.85631 
6.65 0.851554 
6.66 0.846814 
6.67 0.84209 
6.68 0.837383 
6.69 0.832692 
6.7 0.828019 
6.71 0.823364 
6.72 0.818727 
6.73 0.814109 
6.74 0.809511 
6.75 0.804932 
6.76 0.800373 
6.77 0.795834 
6.78 0.791317 
6.79 0.786821 
6.8 0.782347 
6.81 0.777896 
6.82 0.773467 
6.83 0.769062 
6.84 0.76468 
6.85 0.760323 
6.86 0.75599 
6.87 0.751682 
6.88 0.747399 
6.89 0.743142 
6.9 0.738912 
6.91 0.734708 
6.92 0.730531 
6.93 0.726381 
6.94 0.72226 
6.95 0.718167 
6.96 0.714102 
6.97 0.710067 
6.98 0.706061 
6.99 0.702085 
7 0.698139 
7.01 0.694224 
7.02 0.69034 
7.03 0.686487 
7.04 0.682667 
7.05 0.678878 
7.06 0.675122 
7.07 0.671399 
7.08 0.667709 
7.09 0.664053 
7.1 0.660431 
7.11 0.656844 
7.12 0.653291 
7.13 0.649773 
7.14 0.646291 
7.15 0.642844 
7.16 0.639434 
7.17 0.63606 
7.18 0.632722 
7.19 0.629422 
7.2 0.62616 
7.21 0.622935 
7.22 0.619748 
7.23 0.6166 
7.24 0.61349 
7.25 0.61042 
7.26 0.607389 
7.27 0.604397 
7.28 0.601445 
7.29 0.598534 
7.3 0.595663 
7.31 0.592833 
7.32 0.590044 
7.33 0.587296 
7.34 0.58459 
7.35 0.581926 
7.36 0.579304 
7.37 0.576724 
7.38 0.574187 
7.39 0.571693 
7.4 0.569242 
7.41 0.566834 
7.42 0.56447 
7.43 0.56215 
7.44 0.559874 
7.45 0.557643 
7.46 0.555455 
7.47 0.553313 
7.48 0.551216 
7.49 0.549164 
7.5 0.547157 
7.51 0.545196 
7.52 0.54328 
7.53 0.541411 
7.54 0.539587 
7.55 0.53781 
7.56 0.53608 
7.57 0.534396 
7.58 0.532759 
7.59 0.531169 
7.6 0.529627 
7.61 0.528131 
7.62 0.526683 
7.63 0.525283 
7.64 0.52393 
7.65 0.522625 
7.66 0.521369 
7.67 0.52016 
7.68 0.519 
7.69 0.517888 
7.7 0.516824 
7.71 0.515809 
7.72 0.514843 
7.73 0.513926 
7.74 0.513057 
7.75 0.512237 
7.76 0.511467 
7.77 0.510745 
7.78 0.510073 
7.79 0.50945 
7.8 0.508876 
7.81 0.508352 
7.82 0.507877 
7.83 0.507451 
7.84 0.507075 
7.85 0.506749 
7.86 0.506472 
7.87 0.506245 
7.88 0.506067 
7.89 0.50594 
7.9 0.505861 
7.91 0.505833 
7.92 0.505854 
7.93 0.505925 
7.94 0.506045 
7.95 0.506215 
7.96 0.506435 
7.97 0.506704 
7.98 0.507023 
7.99 0.507391 
8 0.507809 
8.01 0.508277 
8.02 0.508794 
8.03 0.50936 
8.04 0.509975 
8.05 0.51064 
8.06 0.511354 
8.07 0.512117 
8.08 0.51293 
8.09 0.513791 
8.1 0.514701 
8.11 0.51566 
8.12 0.516667 
8.13 0.517724 
8.14 0.518828 
8.15 0.519981 
8.16 0.521183 
8.17 0.522432 
8.18 0.52373 
8.19 0.525075 
8.2 0.526468 
8.21 0.527909 
8.22 0.529397 
8.23 0.530933 
8.24 0.532516 
8.25 0.534145 
8.26 0.535822 
8.27 0.537546 
8.28 0.539316 
8.29 0.541132 
8.3 0.542994 
8.31 0.544903 
8.32 0.546857 
8.33 0.548857 
8.34 0.550902 
8.35 0.552993 
8.36 0.555128 
8.37 0.557309 
8.38 0.559534 
8.39 0.561803 
8.4 0.564116 
8.41 0.566474 
8.42 0.568875 
8.43 0.571319 
8.44 0.573807 
8.45 0.576337 
8.46 0.57891 
8.47 0.581526 
8.48 0.584184 
8.49 0.586884 
8.5 0.589625 
8.51 0.592408 
8.52 0.595232 
8.53 0.598097 
8.54 0.601002 
8.55 0.603948 
8.56 0.606933 
8.57 0.609959 
8.58 0.613023 
8.59 0.616127 
8.6 0.619269 
8.61 0.62245 
8.62 0.625669 
8.63 0.628926 
8.64 0.632221 
8.65 0.635552 
8.66 0.638921 
8.67 0.642326 
8.68 0.645767 
8.69 0.649244 
8.7 0.652756 
8.71 0.656304 
8.72 0.659886 
8.73 0.663503 
8.74 0.667154 
8.75 0.670839 
8.76 0.674557 
8.77 0.678308 
8.78 0.682091 
8.79 0.685907 
8.8 0.689755 
8.81 0.693634 
8.82 0.697545 
8.83 0.701486 
8.84 0.705457 
8.85 0.709459 
8.86 0.71349 
8.87 0.71755 
8.88 0.721639 
8.89 0.725756 
8.9 0.729901 
8.91 0.734074 
8.92 0.738274 
8.93 0.742501 
8.94 0.746753 
8.95 0.751032 
8.96 0.755337 
8.97 0.759666 
8.98 0.76402 
8.99 0.768398 
9 0.7728 
9.01 0.777225 
9.02 0.781673 
9.03 0.786143 
9.04 0.790636 
9.05 0.79515 
9.06 0.799685 
9.07 0.804241 
9.08 0.808817 
9.09 0.813413 
9.1 0.818028 
9.11 0.822662 
9.12 0.827314 
9.13 0.831985 
9.14 0.836673 
9.15 0.841377 
9.16 0.846099 
9.17 0.850836 
9.18 0.85559 
9.19 0.860358 
9.2 0.865141 
9.21 0.869939 
9.22 0.87475 
9.23 0.879574 
9.24 0.884411 
9.25 0.889261 
9.26 0.894122 
9.27 0.898995 
9.28 0.903879 
9.29 0.908773 
9.3 0.913677 
9.31 0.91859 
9.32 0.923513 
9.33 0.928444 
9.34 0.933383 
9.35 0.93833 
9.36 0.943283 
9.37 0.948243 
9.38 0.95321 
9.39 0.958182 
9.4 0.963158 
9.41 0.96814 
9.42 0.973126 
9.43 0.978115 
9.44 0.983108 
9.45 0.988103 
9.46 0.9931 
9.47 0.998099 
9.48 1.0031 
9.49 1.0081 
9.5 1.0131 
9.51 1.0181 
9.52 1.0231 
9.53 1.0281 
9.54 1.0331 
9.55 1.03809 
9.56 1.04308 
9.57 1.04807 
9.58 1.05306 
9.59 1.05804 
9.6 1.06302 
9.61 1.06799 
9.62 1.07295 
9.63 1.07791 
9.64 1.08286 
9.65 1.08781 
9.66 1.09275 
9.67 1.09768 
9.68 1.1026 
9.69 1.10751 
9.7 1.11241 
9.71 1.11731 
9.72 1.12219 
9.73 1.12706 
9.74 1.13192 
9.75 1.13677 
9.76 1.1416 
9.77 1.14642 
9.78 1.15123 
9.79 1.15603 
9.8 1.16081 
9.81 1.16558 
9.82 1.17033 
9.83 1.17506 
9.84 1.17978 
9.85 1.18449 
9.86 1.18917 
9.87 1.19384 
9.88 1.19849 
9.89 1.20312 
9.9 1.20774 
9.91 1.21233 
9.92 1.2169 
9.93 1.22146 
9.94 1.22599 
9.95 1.2305 
9.96 1.23499 
9.97 1.23946 
9.98 1.24391 
9.99 1.24833 
10 1.25273 
10.01 1.25711 
10.02 1.26146 
10.03 1.26579 
10.04 1.27009 
10.05 1.27437 
10.06 1.27862 
10.07 1.28285 
10.08 1.28704 
10.09 1.29122 
10.1 1.29536 
10.11 1.29948 
10.12 1.30356 
10.13 1.30762 
10.14 1.31165 
10.15 1.31566 
10.16 1.31963 
10.17 1.32357 
10.18 1.32748 
10.19 1.33136 
10.2 1.3352 
10.21 1.33902 
10.22 1.3428 
10.23 1.34656 
10.24 1.35027 
10.25 1.35396 
10.26 1.35761 
10.27 1.36123 
10.28 1.36481 
10.29 1.36836 
10.3 1.37188 
10.31 1.37536 
10.32 1.3788 
10.33 1.38221 
10.34 1.38558 
10.35 1.38891 
10.36 1.39221 
10.37 1.39547 
10.38 1.39869 
10.39 1.40188 
10.4 1.40502 
10.41 1.40813 
10.42 1.4112 
10.43 1.41423 
10.44 1.41722 
10.45 1.42017 
10.46 1.42308 
10.47 1.42595 
10.48 1.42878 
10.49 1.43157 
10.5 1.43432 
10.51 1.43702 
10.52 1.43969 
10.53 1.44231 
10.54 1.44489 
10.55 1.44743 
10.56 1.44993 
10.57 1.45238 
10.58 1.45479 
10.59 1.45716 
10.6 1.45948 
10.61 1.46176 
10.62 1.46399 
10.63 1.46618 
10.64 1.46833 
10.65 1.47043 
10.66 1.47249 
10.67 1.4745 
10.68 1.47647 
10.69 1.47839 
10.7 1.48026 
10.71 1.48209 
10.72 1.48388 
10.73 1.48561 
10.74 1.4873 
10.75 1.48895 
10.76 1.49055 
10.77 1.4921 
10.78 1.4936 
10.79 1.49506 
10.8 1.49647 
10.81 1.49783 
10.82 1.49914 
10.83 1.50041 
10.84 1.50163 
10.85 1.5028 
10.86 1.50392 
10.87 1.505 
10.88 1.50602 
10.89 1.507 
10.9 1.50793 
10.91 1.50881 
10.92 1.50965 
10.93 1.51043 
10.94 1.51117 
10.95 1.51185 
10.96 1.51249 
10.97 1.51308 
10.98 1.51362 
10.99 1.51411 
11 1.51455 
11.01 1.51494 
11.02 1.51529 
11.03 1.51558 
11.04 1.51583 
11.05 1.51602 
11.06 1.51617 
11.07 1.51626 
11.08 1.51631 
11.09 1.51631 
11.1 1.51626 
11.11 1.51616 
11.12 1.51601 
11.13 1.51581 
11.14 1.51556 
11.15 1.51526 
11.16 1.51492 
11.17 1.51452 
11.18 1.51407 
11.19 1.51358 
11.2 1.51304 
11.21 1.51244 
11.22 1.5118 
11.23 1.51111 
11.24 1.51037 
11.25 1.50958 
11.26 1.50875 
11.27 1.50786 
11.28 1.50693 
11.29 1.50595 
11.3 1.50492 
11.31 1.50384 
11.32 1.50271 
11.33 1.50154 
11.34 1.50031 
11.35 1.49904 
11.36 1.49772 
11.37 1.49636 
11.38 1.49495 
11.39 1.49349 
11.4 1.49198 
11.41 1.49042 
11.42 1.48882 
11.43 1.48717 
11.44 1.48548 
11.45 1.48374 
11.46 1.48195 
11.47 1.48012 
11.48 1.47824 
11.49 1.47632 
11.5 1.47435 
11.51 1.47233 
11.52 1.47027 
11.53 1.46817 
11.54 1.46602 
11.55 1.46382 
11.56 1.46158 
11.57 1.4593 
11.58 1.45697 
11.59 1.4546 
11.6 1.45219 
11.61 1.44974 
11.62 1.44724 
11.63 1.44469 
11.64 1.44211 
11.65 1.43948 
11.66 1.43682 
11.67 1.43411 
11.68 1.43135 
11.69 1.42856 
11.7 1.42573 
11.71 1.42286 
11.72 1.41994 
11.73 1.41699 
11.74 1.41399 
11.75 1.41096 
11.76 1.40789 
11.77 1.40478 
11.78 1.40163 
11.79 1.39844 
11.8 1.39522 
11.81 1.39195 
11.82 1.38865 
11.83 1.38532 
11.84 1.38194 
11.85 1.37853 
11.86 1.37509 
11.87 1.37161 
11.88 1.36809 
11.89 1.36454 
11.9 1.36095 
11.91 1.35733 
11.92 1.35367 
11.93 1.34999 
11.94 1.34627 
11.95 1.34251 
11.96 1.33872 
11.97 1.33491 
11.98 1.33106 
11.99 1.32717 
12 1.32326 
12.01 1.31932 
12.02 1.31534 
12.03 1.31134 
12.04 1.30731 
12.05 1.30325 
12.06 1.29916 
12.07 1.29504 
12.08 1.29089 
12.09 1.28672 
12.1 1.28252 
12.11 1.27829 
12.12 1.27404 
12.13 1.26976 
12.14 1.26545 
12.15 1.26112 
12.16 1.25677 
12.17 1.25239 
12.18 1.24799 
12.19 1.24356 
12.2 1.23912 
12.21 1.23465 
12.22 1.23015 
12.23 1.22564 
12.24 1.2211 
12.25 1.21655 
12.26 1.21197 
12.27 1.20738 
12.28 1.20276 
12.29 1.19813 
12.3 1.19348 
12.31 1.18881 
12.32 1.18412 
12.33 1.17942 
12.34 1.1747 
12.35 1.16996 
12.36 1.16521 
12.37 1.16044 
12.38 1.15566 
12.39 1.15086 
12.4 1.14605 
12.41 1.14123 
12.42 1.13639 
12.43 1.13154 
12.44 1.12668 
12.45 1.12181 
12.46 1.11692 
12.47 1.11203 
12.48 1.10713 
12.49 1.10221 
12.5 1.09729 
12.51 1.09236 
12.52 1.08742 
12.53 1.08248 
12.54 1.07752 
12.55 1.07256 
12.56 1.0676 
12.57 1.06263 
12.58 1.05765 
12.59 1.05267 
12.6 1.04768 
12.61 1.04269 
12.62 1.0377 
12.63 1.03271 
12.64 1.02771 
12.65 1.02271 
12.66 1.01771 
12.67 1.01271 
12.68 1.00771 
12.69 1.00271 
12.7 0.997709 
12.71 0.99271 
12.72 0.987713 
12.73 0.982718 
12.74 0.977725 
12.75 0.972736 
12.76 0.967751 
12.77 0.96277 
12.78 0.957793 
12.79 0.952822 
12.8 0.947856 
12.81 0.942896 
12.82 0.937943 
12.83 0.932997 
12.84 0.928058 
12.85 0.923128 
12.86 0.918206 
12.87 0.913293 
12.88 0.90839 
12.89 0.903497 
12.9 0.898614 
12.91 0.893742 
12.92 0.888881 
12.93 0.884033 
12.94 0.879196 
12.95 0.874373 
12.96 0.869563 
12.97 0.864767 
12.98 0.859985 
12.99 0.855217 
13 0.850465 
13.01 0.845729 
13.02 0.841009 
13.03 0.836305 
13.04 0.831619 
13.05 0.82695 
13.06 0.822299 
13.07 0.817666 
13.08 0.813052 
13.09 0.808458 
13.1 0.803883 
13.11 0.799329 
13.12 0.794796 
13.13 0.790283 
13.14 0.785792 
13.15 0.781324 
13.16 0.776877 
13.17 0.772454 
13.18 0.768054 
13.19 0.763678 
13.2 0.759326 
13.21 0.754998 
13.22 0.750696 
13.23 0.746419 
13.24 0.742168 
13.25 0.737944 
13.26 0.733746 
13.27 0.729575 
13.28 0.725432 
13.29 0.721317 
13.3 0.71723 
13.31 0.713172 
13.32 0.709144 
13.33 0.705145 
13.34 0.701175 
13.35 0.697237 
13.36 0.693329 
13.37 0.689452 
13.38 0.685606 
13.39 0.681793 
13.4 0.678012 
13.41 0.674263 
13.42 0.670548 
13.43 0.666866 
13.44 0.663217 
13.45 0.659603 
13.46 0.656023 
13.47 0.652479 
13.48 0.648969 
13.49 0.645495 
13.5 0.642056 
13.51 0.638654 
13.52 0.635289 
13.53 0.63196 
13.54 0.628668 
13.55 0.625414 
13.56 0.622198 
13.57 0.61902 
13.58 0.615881 
13.59 0.61278 
13.6 0.609719 
13.61 0.606696 
13.62 0.603714 
13.63 0.600771 
13.64 0.597869 
13.65 0.595008 
13.66 0.592187 
13.67 0.589407 
13.68 0.586669 
13.69 0.583972 
13.7 0.581318 
13.71 0.578705 
13.72 0.576135 
13.73 0.573608 
13.74 0.571124 
13.75 0.568683 
13.76 0.566285 
13.77 0.563931 
13.78 0.561621 
13.79 0.559355 
13.8 0.557134 
13.81 0.554957 
13.82 0.552825 
13.83 0.550738 
13.84 0.548696 
13.85 0.5467 
13.86 0.544749 
13.87 0.542844 
13.88 0.540985 
13.89 0.539172 
13.9 0.537406 
13.91 0.535686 
13.92 0.534013 
13.93 0.532387 
13.94 0.530808 
13.95 0.529276 
13.96 0.527791 
13.97 0.526354 
13.98 0.524965 
13.99 0.523623 
14 0.522329 
14.01 0.521083 
14.02 0.519886 
14.03 0.518736 
14.04 0.517636 
14.05 0.516583 
14.06 0.515579 
14.07 0.514624 
14.08 0.513718 
14.09 0.512861 
14.1 0.512052 
14.11 0.511293 
14.12 0.510583 
14.13 0.509922 
14.14 0.50931 
14.15 0.508747 
14.16 0.508234 
14.17 0.507771 
14.18 0.507357 
14.19 0.506992 
14.2 0.506677 
14.21 0.506412 
14.22 0.506196 
14.23 0.50603 
14.24 0.505913 
14.25 0.505846 
14.26 0.505829 
14.27 0.505861 
14.28 0.505944 
14.29 0.506075 
14.3 0.506257 
14.31 0.506488 
14.32 0.506768 
14.33 0.507099 
14.34 0.507478 
14.35 0.507908 
14.36 0.508387 
14.37 0.508915 
14.38 0.509492 
14.39 0.510119 
14.4 0.510795 
14.41 0.511521 
14.42 0.512295 
14.43 0.513119 
14.44 0.513991 
14.45 0.514912 
14.46 0.515882 
14.47 0.516901 
14.48 0.517968 
14.49 0.519084 
14.5 0.520248 
14.51 0.521461 
14.52 0.522721 
14.53 0.52403 
14.54 0.525386 
14.55 0.52679 
14.56 0.528242 
14.57 0.529741 
14.58 0.531287 
14.59 0.532881 
14.6 0.534521 
14.61 0.536209 
14.62 0.537943 
14.63 0.539724 
14.64 0.541551 
14.65 0.543424 
14.66 0.545343 
14.67 0.547307 
14.68 0.549318 
14.69 0.551373 
14.7 0.553474 
14.71 0.55562 
14.72 0.557811 
14.73 0.560046 
14.74 0.562325 
14.75 0.564649 
14.76 0.567016 
14.77 0.569427 
14.78 0.571882 
14.79 0.574379 
14.8 0.576919 
14.81 0.579502 
14.82 0.582128 
14.83 0.584795 
14.84 0.587505 
14.85 0.590256 
14.86 0.593048 
14.87 0.595881 
14.88 0.598756 
14.89 0.60167 
14.9 0.604625 
14.91 0.60762 
14.92 0.610654 
14.93 0.613728 
14.94 0.61684 
14.95 0.619992 
14.96 0.623181 
14.97 0.626409 
14.98 0.629675 
14.99 0.632978 
15 0.636318 
15.01 0.639695 
15.02 0.643108 
15.03 0.646557 
15.04 0.650042 
15.05 0.653563 
15.06 0.657119 
15.07 0.660709 
15.08 0.664334 
15.09 0.667992 
15.1 0.671685 
15.11 0.67541 
15.12 0.679169 
15.13 0.68296 
15.14 0.686783 
15.15 0.690638 
15.16 0.694525 
15.17 0.698442 
15.18 0.702391 
15.19 0.706369 
15.2 0.710377 
15.21 0.714415 
15.22 0.718482 
15.23 0.722577 
15.24 0.726701 
15.25 0.730853 
15.26 0.735032 
15.27 0.739238 
15.28 0.74347 
15.29 0.747729 
15.3 0.752014 
15.31 0.756324 
15.32 0.760659 
15.33 0.765019 
15.34 0.769402 
15.35 0.773809 
15.36 0.77824 
15.37 0.782693 
15.38 0.787169 
15.39 0.791666 
15.4 0.796185 
15.41 0.800725 
15.42 0.805286 
15.43 0.809866 
15.44 0.814467 
15.45 0.819086 
15.46 0.823725 
15.47 0.828381 
15.48 0.833056 
15.49 0.837748 
15.5 0.842456 
15.51 0.847182 
15.52 0.851923 
15.53 0.85668 
15.54 0.861451 
15.55 0.866238 
15.56 0.871038 
15.57 0.875853 
15.58 0.88068 
15.59 0.88552 
15.6 0.890373 
15.61 0.895237 
15.62 0.900112 
15.63 0.904998 
15.64 0.909895 
15.65 0.914801 
15.66 0.919717 
15.67 0.924641 
15.68 0.929574 
15.69 0.934515 
15.7 0.939463 
15.71 0.944419 
15.72 0.94938 
15.73 0.954348 
15.74 0.959321 
15.75 0.964299 
15.76 0.969282 
15.77 0.974268 
15.78 0.979258 
15.79 0.984252 
15.8 0.989247 
15.81 0.994245 
15.82 0.999244 
15.83 1.00424 
15.84 1.00925 
15.85 1.01425 
15.86 1.01925 
15.87 1.02425 
15.88 1.02925 
15.89 1.03424 
15.9 1.03924 
15.91 1.04423 
15.92 1.04922 
15.93 1.0542 
15.94 1.05918 
15.95 1.06416 
15.96 1.06912 
15.97 1.07409 
15.98 1.07905 
15.99 1.084 
16 1.08894 
16.01 1.09388 
16.02 1.09881 
16.03 1.10372 
16.04 1.10864 
16.05 1.11354 
16.06 1.11843 
16.07 1.12331 
16.08 1.12817 
16.09 1.13303 
16.1 1.13788 
16.11 1.14271 
16.12 1.14753 
16.13 1.15234 
16.14 1.15713 
16.15 1.16191 
16.16 1.16667 
16.17 1.17142 
16.18 1.17615 
16.19 1.18086 
16.2 1.18556 
16.21 1.19025 
16.22 1.19491 
16.23 1.19956 
16.24 1.20418 
16.25 1.20879 
16.26 1.21338 
16.27 1.21795 
16.28 1.2225 
16.29 1.22703 
16.3 1.23154 
16.31 1.23602 
16.32 1.24049 
16.33 1.24493 
16.34 1.24934 
16.35 1.25374 
16.36 1.25811 
16.37 1.26246 
16.38 1.26678 
16.39 1.27108 
16.4 1.27535 
16.41 1.27959 
16.42 1.28381 
16.43 1.28801 
16.44 1.29217 
16.45 1.29631 
16.46 1.30042 
16.47 1.3045 
16.48 1.30855 
16.49 1.31258 
16.5 1.31657 
16.51 1.32053 
16.52 1.32447 
16.53 1.32837 
16.54 1.33224 
16.55 1.33608 
16.56 1.33989 
16.57 1.34367 
16.58 1.34741 
16.59 1.35113 
16.6 1.3548 
16.61 1.35845 
16.62 1.36206 
16.63 1.36563 
16.64 1.36917 
16.65 1.37268 
16.66 1.37615 
16.67 1.37959 
16.68 1.38299 
16.69 1.38635 
16.7 1.38967 
16.71 1.39296 
16.72 1.39621 
16.73 1.39943 
16.74 1.4026 
16.75 1.40574 
16.76 1.40884 
16.77 1.4119 
16.78 1.41492 
16.79 1.4179 
16.8 1.42084 
16.81 1.42375 
16.82 1.42661 
16.83 1.42943 
16.84 1.43221 
16.85 1.43495 
16.86 1.43764 
16.87 1.4403 
16.88 1.44291 
16.89 1.44548 
16.9 1.44801 
16.91 1.4505 
16.92 1.45294 
16.93 1.45534 
16.94 1.4577 
16.95 1.46001 
16.96 1.46228 
16.97 1.4645 
16.98 1.46668 
16.99 1.46882 
17 1.47091 
17.01 1.47296 
17.02 1.47496 
17.03 1.47692 
17.04 1.47883 
17.05 1.48069 
17.06 1.48251 
17.07 1.48428 
17.08 1.48601 
17.09 1.48769 
17.1 1.48932 
17.11 1.49091 
17.12 1.49245 
17.13 1.49394 
17.14 1.49539 
17.15 1.49679 
17.16 1.49814 
17.17 1.49944 
17.18 1.5007 
17.19 1.50191 
17.2 1.50307 
17.21 1.50418 
17.22 1.50524 
17.23 1.50626 
17.24 1.50722 
17.25 1.50814 
17.26 1.50901 
17.27 1.50984 
17.28 1.51061 
17.29 1.51133 
17.3 1.51201 
17.31 1.51263 
17.32 1.51321 
17.33 1.51374 
17.34 1.51422 
17.35 1.51465 
17.36 1.51503 
17.37 1.51536 
17.38 1.51565 
17.39 1.51588 
17.4 1.51606 
17.41 1.5162 
17.42 1.51628 
17.43 1.51632 
17.44 1.51631 
17.45 1.51624 
17.46 1.51613 
17.47 1.51597 
17.48 1.51576 
17.49 1.5155 
17.5 1.51519 
17.51 1.51483 
17.52 1.51443 
17.53 1.51397 
17.54 1.51346 
17.55 1.51291 
17.56 1.51231 
17.57 1.51165 
17.58 1.51095 
17.59 1.5102 
17.6 1.5094 
17.61 1.50855 
17.62 1.50766 
17.63 1.50671 
17.64 1.50572 
17.65 1.50468 
17.66 1.50359 
17.67 1.50245 
17.68 1.50126 
17.69 1.50003 
17.7 1.49875 
17.71 1.49742 
17.72 1.49604 
17.73 1.49462 
17.74 1.49315 
17.75 1.49163 
17.76 1.49006 
17.77 1.48845 
17.78 1.48679 
17.79 1.48509 
17.8 1.48334 
17.81 1.48154 
17.82 1.4797 
17.83 1.47781 
17.84 1.47587 
17.85 1.47389 
17.86 1.47187 
17.87 1.4698 
17.88 1.46768 
17.89 1.46552 
17.9 1.46332 
17.91 1.46107 
17.92 1.45878 
17.93 1.45644 
17.94 1.45406 
17.95 1.45164 
17.96 1.44917 
17.97 1.44666 
17.98 1.44411 
17.99 1.44152 
18 1.43888 
18.01 1.4362 
18.02 1.43348 
18.03 1.43072 
18.04 1.42792 
18.05 1.42508 
18.06 1.4222 
18.07 1.41927 
18.08 1.41631 
18.09 1.41331 
18.1 1.41026 
18.11 1.40718 
18.12 1.40406 
18.13 1.40091 
18.14 1.39771 
18.15 1.39448 
18.16 1.3912 
18.17 1.3879 
18.18 1.38455 
18.19 1.38117 
18.2 1.37775 
18.21 1.3743 
18.22 1.37081 
18.23 1.36728 
18.24 1.36372 
18.25 1.36013 
18.26 1.3565 
18.27 1.35284 
18.28 1.34914 
18.29 1.34541 
18.3 1.34165 
18.31 1.33786 
18.32 1.33403 
18.33 1.33017 
18.34 1.32628 
18.35 1.32236 
18.36 1.31841 
18.37 1.31443 
18.38 1.31042 
18.39 1.30638 
18.4 1.30232 
18.41 1.29822 
18.42 1.29409 
18.43 1.28994 
18.44 1.28576 
18.45 1.28155 
18.46 1.27732 
18.47 1.27306 
18.48 1.26878 
18.49 1.26447 
18.5 1.26013 
18.51 1.25577 
18.52 1.25139 
18.53 1.24698 
18.54 1.24255 
18.55 1.2381 
18.56 1.23362 
18.57 1.22912 
18.58 1.2246 
18.59 1.22006 
18.6 1.2155 
18.61 1.21092 
18.62 1.20632 
18.63 1.2017 
18.64 1.19707 
18.65 1.19241 
18.66 1.18774 
18.67 1.18305 
18.68 1.17834 
18.69 1.17361 
18.7 1.16887 
18.71 1.16412 
18.72 1.15935 
18.73 1.15456 
18.74 1.14976 
18.75 1.14495 
18.76 1.14012 
18.77 1.13528 
18.78 1.13043 
18.79 1.12557 
18.8 1.12069 
18.81 1.1158 
18.82 1.11091 
18.83 1.106 
18.84 1.10109 
18.85 1.09616 
18.86 1.09123 
18.87 1.08629 
18.88 1.08134 
18.89 1.07639 
18.9 1.07143 
18.91 1.06646 
18.92 1.06149 
18.93 1.05651 
18.94 1.05153 
18.95 1.04654 
18.96 1.04155 
18.97 1.03656 
18.98 1.03156 
18.99 1.02657 
19 1.02157 
19.01 1.01657 
19.02 1.01156 
19.03 1.00656 
19.04 1.00156 
19.05 0.996563 
19.06 0.991565 
19.07 0.986568 
19.08 0.981573 
19.09 0.976582 
19.1 0.971593 
19.11 0.966609 
19.12 0.961629 
19.13 0.956653 
19.14 0.951683 
19.15 0.946718 
19.16 0.94176 
19.17 0.936809 
19.18 0.931864 
19.19 0.926927 
19.2 0.921999 
19.21 0.917079 
19.22 0.912168 
19.23 0.907267 
19.24 0.902376 
19.25 0.897496 
19.26 0.892626 
19.27 0.887768 
19.28 0.882922 
19.29 0.878089 
19.3 0.873269 
19.31 0.868462 
19.32 0.863669 
19.33 0.85889 
19.34 0.854126 
19.35 0.849378 
19.36 0.844645 
19.37 0.839928 
19.38 0.835228 
19.39 0.830546 
19.4 0.825881 
19.41 0.821234 
19.42 0.816606 
19.43 0.811996 
19.44 0.807406 
19.45 0.802837 
19.46 0.798287 
19.47 0.793758 
19.48 0.789251 
19.49 0.784765 
19.5 0.780301 
19.51 0.77586 
19.52 0.771442 
19.53 0.767047 
19.54 0.762676 
19.55 0.75833 
19.56 0.754008 
19.57 0.749712 
19.58 0.745441 
19.59 0.741196 
19.6 0.736977 
19.61 0.732786 
19.62 0.728621 
19.63 0.724484 
19.64 0.720376 
19.65 0.716296 
19.66 0.712244 
19.67 0.708222 
19.68 0.70423 
19.69 0.700268 
19.7 0.696336 
19.71 0.692435 
19.72 0.688565 
19.73 0.684727 
19.74 0.680921 
19.75 0.677147 
19.76 0.673406 
19.77 0.669698 
19.78 0.666024 
19.79 0.662383 
19.8 0.658777 
19.81 0.655205 
19.82 0.651668 
19.83 0.648167 
19.84 0.644701 
19.85 0.641271 
19.86 0.637877 
19.87 0.63452 
19.88 0.631199 
19.89 0.627916 
19.9 0.624671 
19.91 0.621464 
19.92 0.618294 
19.93 0.615164 
19.94 0.612072 
19.95 0.609019 
19.96 0.606006 
19.97 0.603033 
19.98 0.600099 
19.99 0.597206 
20 0.594354 
20.01 0.591543 
20.02 0.588772 
20.03 0.586044 
20.04 0.583357 
20.05 0.580712 
20.06 0.578109 
20.07 0.575549 
20.08 0.573031 
20.09 0.570557 
20.1 0.568126 
20.11 0.565738 
20.12 0.563394 
20.13 0.561094 
20.14 0.558838 
20.15 0.556627 
20.16 0.554461 
20.17 0.552339 
20.18 0.550262 
20.19 0.548231 
20.2 0.546245 
20.21 0.544304 
20.22 0.54241 
20.23 0.540562 
20.24 0.53876 
20.25 0.537004 
20.26 0.535295 
20.27 0.533632 
20.28 0.532017 
20.29 0.530449 
20.3 0.528927 
20.31 0.527454 
20.32 0.526027 
20.33 0.524649 
20.34 0.523318 
20.35 0.522035 
20.36 0.520801 
20.37 0.519614 
20.38 0.518476 
20.39 0.517386 
20.4 0.516345 
20.41 0.515352 
20.42 0.514408 
20.43 0.513513 
20.44 0.512667 
20.45 0.51187 
20.46 0.511122 
20.47 0.510423 
20.48 0.509773 
20.49 0.509173 
20.5 0.508621 
20.51 0.50812 
20.52 0.507667 
20.53 0.507265 
20.54 0.506911 
20.55 0.506608 
20.56 0.506354 
20.57 0.506149 
20.58 0.505994 
20.59 0.505889 
20.6 0.505834 
20.61 0.505828 
20.62 0.505872 
20.63 0.505965 
20.64 0.506108 
20.65 0.506301 
20.66 0.506544 
20.67 0.506836 
20.68 0.507177 
20.69 0.507568 
20.7 0.508009 
20.71 0.508499 
20.72 0.509039 
20.73 0.509628 
20.74 0.510266 
20.75 0.510953 
20.76 0.51169 
20.77 0.512475 
20.78 0.51331 
20.79 0.514194 
20.8 0.515126 
20.81 0.516107 
20.82 0.517137 
20.83 0.518216 
20.84 0.519342 
20.85 0.520518 
20.86 0.521741 
20.87 0.523012 
20.88 0.524332 
20.89 0.525699 
20.9 0.527114 
20.91 0.528577 
20.92 0.530087 
20.93 0.531644 
20.94 0.533249 
20.95 0.5349 
20.96 0.536598 
20.97 0.538343 
20.98 0.540134 
20.99 0.541972 
21 0.543855 
21.01 0.545785 
21.02 0.54776 
21.03 0.549781 
21.04 0.551847 
21.05 0.553958 
21.06 0.556114 
21.07 0.558315 
21.08 0.56056 
21.09 0.56285 
21.1 0.565184 
21.11 0.567561 
21.12 0.569982 
21.13 0.572446 
21.14 0.574954 
21.15 0.577504 
21.16 0.580097 
21.17 0.582732 
21.18 0.585409 
21.19 0.588128 
21.2 0.590888 
21.21 0.59369 
21.22 0.596533 
21.23 0.599416 
21.24 0.60234 
21.25 0.605304 
21.26 0.608308 
21.27 0.611352 
21.28 0.614434 
21.29 0.617556 
21.3 0.620716 
21.31 0.623914 
21.32 0.627151 
21.33 0.630425 
21.34 0.633737 
21.35 0.637085 
21.36 0.64047 
21.37 0.643892 
21.38 0.64735 
21.39 0.650843 
21.4 0.654371 
21.41 0.657935 
21.42 0.661533 
21.43 0.665166 
21.44 0.668833 
21.45 0.672533 
21.46 0.676266 
21.47 0.680032 
21.48 0.68383 
21.49 0.687661 
21.5 0.691523 
21.51 0.695417 
21.52 0.699342 
21.53 0.703297 
21.54 0.707282 
21.55 0.711297 
21.56 0.715342 
21.57 0.719415 
21.58 0.723517 
21.59 0.727647 
21.6 0.731805 
21.61 0.735991 
21.62 0.740203 
21.63 0.744442 
21.64 0.748707 
21.65 0.752997 
21.66 0.757313 
21.67 0.761654 
21.68 0.766019 
21.69 0.770408 
21.7 0.774821 
21.71 0.779256 
21.72 0.783715 
21.73 0.788196 
21.74 0.792698 
21.75 0.797222 
21.76 0.801767 
21.77 0.806332 
21.78 0.810917 
21.79 0.815522 
21.8 0.820146 
21.81 0.824788 
21.82 0.829449 
21.83 0.834128 
21.84 0.838824 
21.85 0.843536 
21.86 0.848265 
21.87 0.85301 
21.88 0.85777 
21.89 0.862546 
21.9 0.867335 
21.91 0.872139 
21.92 0.876956 
21.93 0.881787 
21.94 0.88663 
21.95 0.891485 
21.96 0.896352 
21.97 0.90123 
21.98 0.906118 
21.99 0.911017 
22 0.915926 
22.01 0.920844 
22.02 0.92577 
22.03 0.930705 
22.04 0.935648 
22.05 0.940598 
22.06 0.945554 
22.07 0.950517 
22.08 0.955486 
22.09 0.960461 
22.1 0.96544 
22.11 0.970424 
22.12 0.975411 
22.13 0.980402 
22.14 0.985396 
22.15 0.990392 
22.16 0.99539 
22.17 1.00039 
22.18 1.00539 
22.19 1.01039 
22.2 1.01539 
22.21 1.02039 
22.22 1.02539 
22.23 1.03039 
22.24 1.03539 
22.25 1.04038 
22.26 1.04537 
22.27 1.05036 
22.28 1.05534 
22.29 1.06032 
22.3 1.06529 
22.31 1.07026 
22.32 1.07523 
22.33 1.08018 
22.34 1.08513 
22.35 1.09007 
22.36 1.09501 
22.37 1.09993 
22.38 1.10485 
22.39 1.10976 
22.4 1.11466 
22.41 1.11955 
22.42 1.12442 
22.43 1.12929 
22.44 1.13414 
22.45 1.13899 
22.46 1.14382 
22.47 1.14863 
22.48 1.15344 
22.49 1.15822 
22.5 1.163 
22.51 1.16776 
22.52 1.1725 
22.53 1.17723 
22.54 1.18194 
22.55 1.18664 
22.56 1.19132 
22.57 1.19598 
22.58 1.20062 
22.59 1.20524 
22.6 1.20985 
22.61 1.21443 
22.62 1.219 
22.63 1.22354 
22.64 1.22807 
22.65 1.23257 
22.66 1.23705 
22.67 1.24151 
22.68 1.24594 
22.69 1.25036 
22.7 1.25475 
22.71 1.25911 
22.72 1.26345 
22.73 1.26777 
22.74 1.27206 
22.75 1.27632 
22.76 1.28056 
22.77 1.28478 
22.78 1.28896 
22.79 1.29312 
22.8 1.29725 
22.81 1.30136 
22.82 1.30543 
22.83 1.30948 
22.84 1.3135 
22.85 1.31748 
22.86 1.32144 
22.87 1.32537 
22.88 1.32926 
22.89 1.33313 
22.9 1.33696 
22.91 1.34076 
22.92 1.34453 
22.93 1.34827 
22.94 1.35197 
22.95 1.35564 
22.96 1.35928 
22.97 1.36288 
22.98 1.36645 
22.99 1.36998 
23 1.37348 
23.01 1.37694 
23.02 1.38037 
23.03 1.38376 
23.04 1.38712 
23.05 1.39043 
23.06 1.39371 
23.07 1.39696 
23.08 1.40016 
23.09 1.40333 
23.1 1.40646 
23.11 1.40955 
23.12 1.4126 
23.13 1.41561 
23.14 1.41858 
23.15 1.42152 
23.16 1.42441 
23.17 1.42726 
23.18 1.43007 
23.19 1.43284 
23.2 1.43557 
23.21 1.43826 
23.22 1.4409 
23.23 1.44351 
23.24 1.44607 
23.25 1.44859 
23.26 1.45106 
23.27 1.4535 
23.28 1.45589 
23.29 1.45823 
23.3 1.46054 
23.31 1.4628 
23.32 1.46501 
23.33 1.46718 
23.34 1.46931 
23.35 1.47139 
23.36 1.47342 
23.37 1.47542 
23.38 1.47736 
23.39 1.47926 
23.4 1.48112 
23.41 1.48292 
23.42 1.48469 
23.43 1.4864 
23.44 1.48807 
23.45 1.48969 
23.46 1.49127 
23.47 1.4928 
23.48 1.49428 
23.49 1.49572 
23.5 1.4971 
23.51 1.49845 
23.52 1.49974 
23.53 1.50098 
23.54 1.50218 
23.55 1.50333 
23.56 1.50443 
23.57 1.50548 
23.58 1.50649 
23.59 1.50744 
23.6 1.50835 
23.61 1.50921 
23.62 1.51002 
23.63 1.51078 
23.64 1.5115 
23.65 1.51216 
23.66 1.51278 
23.67 1.51334 
23.68 1.51386 
23.69 1.51433 
23.7 1.51475 
23.71 1.51512 
23.72 1.51544 
23.73 1.51571 
23.74 1.51593 
23.75 1.5161 
23.76 1.51623 
23.77 1.5163 
23.78 1.51633 
23.79 1.5163 
23.8 1.51623 
23.81 1.5161 
23.82 1.51593 
23.83 1.51571 
23.84 1.51544 
23.85 1.51512 
23.86 1.51475 
23.87 1.51433 
23.88 1.51386 
23.89 1.51335 
23.9 1.51278 
23.91 1.51216 
23.92 1.5115 
23.93 1.51079 
23.94 1.51003 
23.95 1.50922 
23.96 1.50836 
23.97 1.50745 
23.98 1.50649 
23.99 1.50549 
24 1.50444 
24.01 1.50334 
24.02 1.50219 
24.03 1.50099 
24.04 1.49975 
24.05 1.49845 
24.06 1.49711 
24.07 1.49573 
24.08 1.49429 
24.09 1.49281 
24.1 1.49128 
24.11 1.4897 
24.12 1.48808 
24.13 1.48641 
24.14 1.4847 
24.15 1.48293 
24.16 1.48113 
24.17 1.47927 
24.18 1.47737 
24.19 1.47543 
24.2 1.47344 
24.21 1.4714 
24.22 1.46932 
24.23 1.46719 
24.24 1.46502 
24.25 1.46281 
24.26 1.46055 
24.27 1.45825 
24.28 1.4559 
24.29 1.45351 
24.3 1.45108 
24.31 1.4486 
24.32 1.44608 
24.33 1.44352 
24.34 1.44092 
24.35 1.43827 
24.36 1.43559 
24.37 1.43286 
24.38 1.43009 
24.39 1.42728 
24.4 1.42442 
24.41 1.42153 
24.42 1.4186 
24.43 1.41563 
24.44 1.41262 
24.45 1.40957 
24.46 1.40648 
24.47 1.40335 
24.48 1.40018 
24.49 1.39698 
24.5 1.39373 
24.51 1.39045 
24.52 1.38714 
24.53 1.38378 
24.54 1.38039 
24.55 1.37696 
24.56 1.3735 
24.57 1.37 
24.58 1.36647 
24.59 1.3629 
24.6 1.3593 
24.61 1.35566 
24.62 1.35199 
24.63 1.34829 
24.64 1.34455 
24.65 1.34079 
24.66 1.33698 
24.67 1.33315 
24.68 1.32929 
24.69 1.32539 
24.7 1.32146 
24.71 1.31751 
24.72 1.31352 
24.73 1.3095 
24.74 1.30546 
24.75 1.30138 
24.76 1.29728 
24.77 1.29315 
24.78 1.28899 
24.79 1.2848 
24.8 1.28059 
24.81 1.27635 
24.82 1.27208 
24.83 1.26779 
24.84 1.26348 
24.85 1.25914 
24.86 1.25477 
24.87 1.25038 
24.88 1.24597 
24.89 1.24153 
24.9 1.23707 
24.91 1.23259 
24.92 1.22809 
24.93 1.22357 
24.94 1.21902 
24.95 1.21446 
24.96 1.20987 
24.97 1.20527 
24.98 1.20065 
24.99 1.196 
25 1.19134 
25.01 1.18667 
25.02 1.18197 
25.03 1.17726 
25.04 1.17253 
25.05 1.16779 
25.06 1.16303 
25.07 1.15825 
25.08 1.15346 
25.09 1.14866 
25.1 1.14384 
25.11 1.13901 
25.12 1.13417 
25.13 1.12932 
25.14 1.12445 
25.15 1.11957 
25.16 1.11469 
25.17 1.10979 
25.18 1.10488 
25.19 1.09996 
25.2 1.09504 
25.21 1.0901 
25.22 1.08516 
25.23 1.08021 
25.24 1.07525 
25.25 1.07029 
25.26 1.06532 
25.27 1.06035 
25.28 1.05537 
25.29 1.05039 
25.3 1.0454 
25.31 1.04041 
25.32 1.03541 
25.33 1.03042 
25.34 1.02542 
25.35 1.02042 
25.36 1.01542 
25.37 1.01042 
25.38 1.00542 
25.39 1.00042 
25.4 0.995418 
25.41 0.990419 
25.42 0.985423 
25.43 0.980429 
25.44 0.975438 
25.45 0.970451 
25.46 0.965467 
25.47 0.960488 
25.48 0.955514 
25.49 0.950544 
25.5 0.945581 
25.51 0.940624 
25.52 0.935674 
25.53 0.930732 
25.54 0.925797 
25.55 0.92087 
25.56 0.915952 
25.57 0.911044 
25.58 0.906145 
25.59 0.901256 
25.6 0.896378 
25.61 0.891511 
25.62 0.886656 
25.63 0.881813 
25.64 0.876982 
25.65 0.872165 
25.66 0.867361 
25.67 0.862571 
25.68 0.857796 
25.69 0.853035 
25.7 0.84829 
25.71 0.843561 
25.72 0.838849 
25.73 0.834153 
25.74 0.829474 
25.75 0.824813 
25.76 0.82017 
25.77 0.815546 
25.78 0.810941 
25.79 0.806356 
25.8 0.801791 
25.81 0.797246 
25.82 0.792722 
25.83 0.788219 
25.84 0.783738 
25.85 0.77928 
25.86 0.774844 
25.87 0.770431 
25.88 0.766042 
25.89 0.761676 
25.9 0.757335 
25.91 0.753019 
25.92 0.748729 
25.93 0.744464 
25.94 0.740225 
25.95 0.736012 
25.96 0.731827 
25.97 0.727669 
25.98 0.723538 
25.99 0.719436 
26 0.715362 
26.01 0.711318 
26.02 0.707302 
26.03 0.703317 
26.04 0.699361 
26.05 0.695437 
26.06 0.691543 
26.07 0.68768 
26.08 0.683849 
26.09 0.680051 
26.1 0.676284 
26.11 0.672551 
26.12 0.668851 
26.13 0.665184 
26.14 0.661551 
26.15 0.657953 
26.16 0.654389 
26.17 0.65086 
26.18 0.647366 
26.19 0.643908 
26.2 0.640487 
26.21 0.637101 
26.22 0.633752 
26.23 0.630441 
26.24 0.627166 
26.25 0.623929 
26.26 0.620731 
26.27 0.61757 
26.28 0.614449 
26.29 0.611366 
26.3 0.608322 
26.31 0.605318 
26.32 0.602354 
26.33 0.59943 
26.34 0.596546 
26.35 0.593703 
26.36 0.590901 
26.37 0.58814 
26.38 0.585421 
26.39 0.582743 
26.4 0.580108 
26.41 0.577515 
26.42 0.574964 
26.43 0.572457 
26.44 0.569992 
26.45 0.567571 
26.46 0.565193 
26.47 0.56286 
26.48 0.56057 
26.49 0.558324 
26.5 0.556123 
26.51 0.553967 
26.52 0.551855 
26.53 0.549789 
26.54 0.547768 
26.55 0.545792 
26.56 0.543862 
26.57 0.541978 
26.58 0.540141 
26.59 0.538349 
26.6 0.536604 
26.61 0.534906 
26.62 0.533254 
26.63 0.531649 
26.64 0.530092 
26.65 0.528581 
26.66 0.527118 
26.67 0.525703 
26.68 0.524336 
26.69 0.523016 
26.7 0.521744 
26.71 0.52052 
26.72 0.519345 
26.73 0.518218 
26.74 0.517139 
26.75 0.516109 
26.76 0.515127 
26.77 0.514195 
26.78 0.513311 
26.79 0.512476 
26.8 0.51169 
26.81 0.510953 
26.82 0.510265 
26.83 0.509627 
26.84 0.509038 
26.85 0.508498 
26.86 0.508007 
26.87 0.507566 
26.88 0.507175 
26.89 0.506833 
26.9 0.506541 
26.91 0.506298 
26.92 0.506105 
26.93 0.505962 
26.94 0.505868 
26.95 0.505824 
26.96 0.505829 
26.97 0.505884 
26.98 0.505989 
26.99 0.506144 
27 0.506348 
27.01 0.506602 
27.02 0.506905 
27.03 0.507258 
27.04 0.507661 
27.05 0.508113 
27.06 0.508614 
27.07 0.509165 
27.08 0.509765 
27.09 0.510415 
27.1 0.511113 
27.11 0.511861 
27.12 0.512658 
27.13 0.513504 
27.14 0.514399 
27.15 0.515342 
27.16 0.516335 
27.17 0.517376 
27.18 0.518465 
27.19 0.519603 
27.2 0.520789 
27.21 0.522024 
27.22 0.523306 
27.23 0.524637 
27.24 0.526015 
27.25 0.527441 
27.26 0.528915 
27.27 0.530436 
27.28 0.532004 
27.29 0.533619 
27.3 0.535281 
27.31 0.53699 
27.32 0.538745 
27.33 0.540547 
27.34 0.542395 
27.35 0.544289 
27.36 0.546229 
27.37 0.548215 
27.38 0.550246 
27.39 0.552323 
27.4 0.554444 
27.41 0.556611 
27.42 0.558822 
27.43 0.561077 
27.44 0.563377 
27.45 0.565721 
27.46 0.568108 
27.47 0.570539 
27.48 0.573013 
27.49 0.57553 
27.5 0.57809 
27.51 0.580693 
27.52 0.583338 
27.53 0.586025 
27.54 0.588753 
27.55 0.591523 
27.56 0.594334 
27.57 0.597186 
27.58 0.600079 
27.59 0.603012 
27.6 0.605986 
27.61 0.608999 
27.62 0.612051 
27.63 0.615143 
27.64 0.618273 
27.65 0.621442 
27.66 0.624649 
27.67 0.627894 
27.68 0.631177 
27.69 0.634497 
27.7 0.637854 
27.71 0.641248 
27.72 0.644678 
27.73 0.648144 
27.74 0.651645 
27.75 0.655182 
27.76 0.658754 
27.77 0.66236 
27.78 0.666 
27.79 0.669674 
27.8 0.673382 
27.81 0.677123 
27.82 0.680897 
27.83 0.684703 
27.84 0.68854 
27.85 0.69241 
27.86 0.696311 
27.87 0.700243 
27.88 0.704205 
27.89 0.708197 
27.9 0.712219 
27.91 0.71627 
27.92 0.72035 
27.93 0.724459 
27.94 0.728595 
27.95 0.73276 
27.96 0.736951 
27.97 0.741169 
27.98 0.745414 
27.99 0.749685 
28 0.753982 
28.01 0.758303 
28.02 0.76265 
28.03 0.76702 
28.04 0.771415 
28.05 0.775833 
28.06 0.780274 
28.07 0.784738 
28.08 0.789223 
28.09 0.793731 
28.1 0.79826 
28.11 0.802809 
28.12 0.807379 
28.13 0.811969 
28.14 0.816578 
28.15 0.821206 
28.16 0.825853 
28.17 0.830518 
28.18 0.835201 
28.19 0.8399 
28.2 0.844617 
28.21 0.84935 
28.22 0.854098 
28.23 0.858862 
28.24 0.863641 
28.25 0.868434 
28.26 0.873241 
28.27 0.878061 
28.28 0.882894 
28.29 0.88774 
28.3 0.892598 
28.31 0.897467 
28.32 0.902348 
28.33 0.907239 
28.34 0.91214 
28.35 0.917051 
28.36 0.921971 
28.37 0.926899 
28.38 0.931836 
28.39 0.93678 
28.4 0.941732 
28.41 0.94669 
28.42 0.951655 
28.43 0.956625 
28.44 0.961601 
28.45 0.966581 
28.46 0.971566 
28.47 0.976554 
28.48 0.981546 
28.49 0.98654 
28.5 0.991537 
28.51 0.996535 
28.52 1.00154 
28.53 1.00654 
28.54 1.01154 
28.55 1.01654 
28.56 1.02154 
28.57 1.02654 
28.58 1.03154 
28.59 1.03653 
28.6 1.04152 
28.61 1.04651 
28.62 1.0515 
28.63 1.05648 
28.64 1.06146 
28.65 1.06643 
28.66 1.0714 
28.67 1.07636 
28.68 1.08132 
28.69 1.08627 
28.7 1.09121 
28.71 1.09614 
28.72 1.10106 
28.73 1.10598 
28.74 1.11088 
28.75 1.11578 
28.76 1.12067 
28.77 1.12554 
28.78 1.1304 
28.79 1.13526 
28.8 1.14009 
28.81 1.14492 
28.82 1.14974 
28.83 1.15454 
28.84 1.15932 
28.85 1.16409 
28.86 1.16885 
28.87 1.17359 
28.88 1.17831 
28.89 1.18302 
28.9 1.18771 
28.91 1.19239 
28.92 1.19704 
28.93 1.20168 
28.94 1.2063 
28.95 1.2109 
28.96 1.21548 
28.97 1.22004 
28.98 1.22458 
28.99 1.2291 
29 1.2336 
29.01 1.23807 
29.02 1.24253 
29.03 1.24696 
29.04 1.25137 
29.05 1.25575 
29.06 1.26011 
29.07 1.26445 
29.08 1.26876 
29.09 1.27304 
29.1 1.2773 
29.11 1.28153 
29.12 1.28574 
29.13 1.28992 
29.14 1.29407 
29.15 1.2982 
29.16 1.3023 
29.17 1.30637 
29.18 1.3104 
29.19 1.31442 
29.2 1.3184 
29.21 1.32235 
29.22 1.32627 
29.23 1.33016 
29.24 1.33401 
29.25 1.33784 
29.26 1.34163 
29.27 1.3454 
29.28 1.34912 
29.29 1.35282 
29.3 1.35648 
29.31 1.36011 
29.32 1.36371 
29.33 1.36727 
29.34 1.37079 
29.35 1.37428 
29.36 1.37774 
29.37 1.38115 
29.38 1.38454 
29.39 1.38788 
29.4 1.39119 
29.41 1.39446 
29.42 1.3977 
29.43 1.40089 
29.44 1.40405 
29.45 1.40717 
29.46 1.41025 
29.47 1.4133 
29.48 1.4163 
29.49 1.41926 
29.5 1.42219 
29.51 1.42507 
29.52 1.42791 
29.53 1.43071 
29.54 1.43347 
29.55 1.43619 
29.56 1.43887 
29.57 1.44151 
29.58 1.4441 
29.59 1.44665 
29.6 1.44916 
29.61 1.45163 
29.62 1.45405 
29.63 1.45643 
29.64 1.45877 
29.65 1.46106 
29.66 1.46331 
29.67 1.46552 
29.68 1.46768 
29.69 1.46979 
29.7 1.47186 
29.71 1.47389 
29.72 1.47587 
29.73 1.4778 
29.74 1.47969 
29.75 1.48154 
29.76 1.48334 
29.77 1.48509 
29.78 1.48679 
29.79 1.48845 
29.8 1.49006 
29.81 1.49163 
29.82 1.49315 
29.83 1.49462 
29.84 1.49604 
29.85 1.49742 
29.86 1.49875 
29.87 1.50003 
29.88 1.50127 
29.89 1.50245 
29.9 1.50359 
29.91 1.50468 
29.92 1.50572 
29.93 1.50672 
29.94 1.50766 
29.95 1.50856 
29.96 1.50941 
29.97 1.5102 
29.98 1.51096 
29.99 1.51166 
30 1.51231 
30.01 1.51291 
30.02 1.51347 
30.03 1.51397 
30.04 1.51443 
30.05 1.51484 
30.06 1.5152 
30.07 1.51551 
30.08 1.51577 
30.09 1.51598 
30.1 1.51614 
30.11 1.51625 
30.12 1.51631 
30.13 1.51633 
30.14 1.51629 
30.15 1.51621 
30.16 1.51607 
30.17 1.51589 
30.18 1.51566 
30.19 1.51537 
30.2 1.51504 
30.21 1.51466 
30.22 1.51423 
30.23 1.51375 
30.24 1.51322 
30.25 1.51265 
30.26 1.51202 
30.27 1.51135 
30.28 1.51062 
30.29 1.50985 
30.3 1.50903 
30.31 1.50816 
30.32 1.50724 
30.33 1.50627 
30.34 1.50526 
30.35 1.50419 
30.36 1.50308 
30.37 1.50192 
30.38 1.50071 
30.39 1.49946 
30.4 1.49815 
30.41 1.4968 
30.42 1.4954 
30.43 1.49396 
30.44 1.49247 
30.45 1.49093 
30.46 1.48934 
30.47 1.48771 
30.48 1.48603 
30.49 1.4843 
30.5 1.48253 
30.51 1.48071 
30.52 1.47884 
30.53 1.47693 
30.54 1.47498 
30.55 1.47298 
30.56 1.47093 
30.57 1.46884 
30.58 1.4667 
30.59 1.46452 
30.6 1.4623 
30.61 1.46003 
30.62 1.45772 
30.63 1.45536 
30.64 1.45296 
30.65 1.45052 
30.66 1.44803 
30.67 1.4455 
30.68 1.44293 
30.69 1.44032 
30.7 1.43767 
30.71 1.43497 
30.72 1.43223 
30.73 1.42945 
30.74 1.42663 
30.75 1.42377 
30.76 1.42087 
30.77 1.41793 
30.78 1.41495 
30.79 1.41192 
30.8 1.40886 
30.81 1.40577 
30.82 1.40263 
30.83 1.39945 
30.84 1.39624 
30.85 1.39299 
30.86 1.3897 
30.87 1.38637 
30.88 1.38301 
30.89 1.37961 
30.9 1.37618 
30.91 1.37271 
30.92 1.3692 
30.93 1.36566 
30.94 1.36208 
30.95 1.35847 
30.96 1.35483 
30.97 1.35115 
30.98 1.34744 
30.99 1.3437 
31 1.33992 
31.01 1.33611 
31.02 1.33227 
31.03 1.3284 
31.04 1.3245 
31.05 1.32056 
31.06 1.3166 
31.07 1.3126 
31.08 1.30858 
31.09 1.30453 
31.1 1.30045 
31.11 1.29634 
31.12 1.2922 
31.13 1.28803 
31.14 1.28384 
31.15 1.27962 
31.16 1.27538 
31.17 1.2711 
31.18 1.26681 
31.19 1.26249 
31.2 1.25814 
31.21 1.25377 
31.22 1.24937 
31.23 1.24496 
31.24 1.24051 
31.25 1.23605 
31.26 1.23157 
31.27 1.22706 
31.28 1.22253 
31.29 1.21798 
31.3 1.21341 
31.31 1.20882 
31.32 1.20421 
31.33 1.19959 
31.34 1.19494 
31.35 1.19027 
31.36 1.18559 
31.37 1.18089 
31.38 1.17618 
31.39 1.17145 
31.4 1.1667 
31.41 1.16193 
31.42 1.15716 
31.43 1.15236 
31.44 1.14756 
