0 0 0 0 0
0.05 0.0025 0.025 4.16667e-05 0.000625
0.1 0.01 0.05 0.000333333 0.0025
0.15 0.0225 0.075 0.001125 0.005625
0.2 0.04 0.1 0.00266667 0.01
0.25 0.0625 0.125 0.00520833 0.015625
0.3 0.09 0.15 0.009 0.0225
0.35 0.1225 0.175 0.0142917 0.030625
0.4 0.16 0.2 0.0213333 0.04
0.45 0.2025 0.225 0.030375 0.050625
0.5 0.25 0.25 0.0416667 0.0625
0.55 0.3025 0.325 0.0554583 0.076875
0.6 0.36 0.4 0.072 0.095
0.65 0.4225 0.475 0.0915417 0.116875
0.7 0.49 0.55 0.114333 0.1425
0.75 0.5625 0.625 0.140625 0.171875
0.8 0.64 0.7 0.170667 0.205
0.85 0.7225 0.775 0.204708 0.241875
0.9 0.81 0.85 0.243 0.2825
0.95 0.9025 0.925 0.285792 0.326875
1 1 1 0.333333 0.375
1.05 1.1025 1.125 0.385875 0.428125
1.1 1.21 1.25 0.443667 0.4875
1.15 1.3225 1.375 0.506958 0.553125
1.2 1.44 1.5 0.576 0.625
1.25 1.5625 1.625 0.651042 0.703125
1.3 1.69 1.75 0.732333 0.7875
1.35 1.8225 1.875 0.820125 0.878125
1.4 1.96 2 0.914667 0.975
1.45 2.1025 2.125 1.01621 1.07813
1.5 2.25 2.25 1.125 1.1875
1.55 2.4025 2.425 1.24129 1.30438
1.6 2.56 2.6 1.36533 1.43
1.65 2.7225 2.775 1.49738 1.56438
1.7 2.89 2.95 1.63767 1.7075
1.75 3.0625 3.125 1.78646 1.85938
1.8 3.24 3.3 1.944 2.02
1.85 3.4225 3.475 2.11054 2.18938
1.9 3.61 3.65 2.28633 2.3675
1.95 3.8025 3.825 2.47163 2.55438
2 4 4 2.66667 2.75
2.05 4.2025 4.225 2.87171 2.95563
2.1 4.41 4.45 3.087 3.1725
2.15 4.6225 4.675 3.31279 3.40062
2.2 4.84 4.9 3.54933 3.64
2.25 5.0625 5.125 3.79688 3.89062
2.3 5.29 5.35 4.05567 4.1525
2.35 5.5225 5.575 4.32596 4.42563
2.4 5.76 5.8 4.608 4.71
2.45 6.0025 6.025 4.90204 5.00563
2.5 6.25 6.25 5.20833 5.3125
2.55 6.5025 6.525 5.52713 5.63188
2.6 6.76 6.8 5.85867 5.965
2.65 7.0225 7.075 6.20321 6.31188
2.7 7.29 7.35 6.561 6.6725
2.75 7.5625 7.625 6.93229 7.04688
2.8 7.84 7.9 7.31733 7.435
2.85 8.1225 8.175 7.71638 7.83688
2.9 8.41 8.45 8.12967 8.2525
2.95 8.7025 8.725 8.55746 8.68188
3 9 9 9 9.125
3.05 9.3025 9.325 9.45754 9.58313
3.1 9.61 9.65 9.93033 10.0575
3.15 9.9225 9.975 10.4186 10.5481
3.2 10.24 10.3 10.9227 11.055
3.25 10.5625 10.625 11.4427 11.5781
3.3 10.89 10.95 11.979 12.1175
3.35 11.2225 11.275 12.5318 12.6731
3.4 11.56 11.6 13.1013 13.245
3.45 11.9025 11.925 13.6879 13.8331
3.5 12.25 12.25 14.2917 14.4375
3.55 12.6025 12.625 14.913 15.0594
3.6 12.96 13 15.552 15.7
3.65 13.3225 13.375 16.209 16.3594
3.7 13.69 13.75 16.8843 17.0375
3.75 14.0625 14.125 17.5781 17.7344
3.8 14.44 14.5 18.2907 18.45
3.85 14.8225 14.875 19.0222 19.1844
3.9 15.21 15.25 19.773 19.9375
3.95 15.6025 15.625 20.5433 20.7094
4 16 16 21.3333 21.5
4.05 16.4025 16.425 22.1434 22.3106
4.1 16.81 16.85 22.9737 23.1425
4.15 17.2225 17.275 23.8245 23.9956
4.2 17.64 17.7 24.696 24.87
4.25 18.0625 18.125 25.5885 25.7656
4.3 18.49 18.55 26.5023 26.6825
4.35 18.9225 18.975 27.4376 27.6206
4.4 19.36 19.4 28.3947 28.58
4.45 19.8025 19.825 29.3737 29.5606
4.5 20.25 20.25 30.375 30.5625
4.55 20.7025 20.725 31.3988 31.5869
4.6 21.16 21.2 32.4453 32.635
4.65 21.6225 21.675 33.5149 33.7069
4.7 22.09 22.15 34.6077 34.8025
4.75 22.5625 22.625 35.724 35.9219
4.8 23.04 23.1 36.864 37.065
4.85 23.5225 23.575 38.028 38.2319
4.9 24.01 24.05 39.2163 39.4225
4.95 24.5025 24.525 40.4291 40.6369
5 25 25 41.6667 41.875
5.05 25.5025 25.525 42.9292 43.1381
5.1 26.01 26.05 44.217 44.4275
5.15 26.5225 26.575 45.5303 45.7431
5.2 27.04 27.1 46.8693 47.085
5.25 27.5625 27.625 48.2344 48.4531
5.3 28.09 28.15 49.6257 49.8475
5.35 28.6225 28.675 51.0435 51.2681
5.4 29.16 29.2 52.488 52.715
5.45 29.7025 29.725 53.9595 54.1881
5.5 30.25 30.25 55.4583 55.6875
5.55 30.8025 30.825 56.9846 57.2144
5.6 31.36 31.4 58.5387 58.77
5.65 31.9225 31.975 60.1207 60.3544
5.7 32.49 32.55 61.731 61.9675
5.75 33.0625 33.125 63.3698 63.6094
5.8 33.64 33.7 65.0373 65.28
5.85 34.2225 34.275 66.7339 66.9794
5.9 34.81 34.85 68.4597 68.7075
5.95 35.4025 35.425 70.215 70.4644
6 36 36 72 72.25
6.05 36.6025 36.625 73.815 74.0656
6.1 37.21 37.25 75.6603 75.9125
6.15 37.8225 37.875 77.5361 77.7906
6.2 38.44 38.5 79.4427 79.7
6.25 39.0625 39.125 81.3802 81.6406
6.3 39.69 39.75 83.349 83.6125
6.35 40.3225 40.375 85.3493 85.6156
6.4 40.96 41 87.3813 87.65
6.45 41.6025 41.625 89.4454 89.7156
6.5 42.25 42.25 91.5417 91.8125
6.55 42.9025 42.925 93.6705 93.9419
6.6 43.56 43.6 95.832 96.105
6.65 44.2225 44.275 98.0265 98.3019
6.7 44.89 44.95 100.254 100.533
6.75 45.5625 45.625 102.516 102.797
6.8 46.24 46.3 104.811 105.095
6.85 46.9225 46.975 107.14 107.427
6.9 47.61 47.65 109.503 109.793
6.95 48.3025 48.325 111.901 112.192
7 49 49 114.333 114.625
7.05 49.7025 49.725 116.801 117.093
7.1 50.41 50.45 119.304 119.598
7.15 51.1225 51.175 121.842 122.138
7.2 51.84 51.9 124.416 124.715
7.25 52.5625 52.625 127.026 127.328
7.3 53.29 53.35 129.672 129.978
7.35 54.0225 54.075 132.355 132.663
7.4 54.76 54.8 135.075 135.385
7.45 55.5025 55.525 137.831 138.143
7.5 56.25 56.25 140.625 140.938
7.55 57.0025 57.025 143.456 143.769
7.6 57.76 57.8 146.325 146.64
7.65 58.5225 58.575 149.232 149.549
7.7 59.29 59.35 152.178 152.498
7.75 60.0625 60.125 155.161 155.484
7.8 60.84 60.9 158.184 158.51
7.85 61.6225 61.675 161.246 161.574
7.9 62.41 62.45 164.346 164.678
7.95 63.2025 63.225 167.487 167.819
8 64 64 170.667 171
8.05 64.8025 64.825 173.887 174.221
8.1 65.61 65.65 177.147 177.482
8.15 66.4225 66.475 180.448 180.786
8.2 67.24 67.3 183.789 184.13
8.25 68.0625 68.125 187.172 187.516
8.3 68.89 68.95 190.596 190.943
8.35 69.7225 69.775 194.061 194.411
8.4 70.56 70.6 197.568 197.92
8.45 71.4025 71.425 201.117 201.471
8.5 72.25 72.25 204.708 205.062
8.55 73.1025 73.125 208.342 208.697
8.6 73.96 74 212.019 212.375
8.65 74.8225 74.875 215.738 216.097
8.7 75.69 75.75 219.501 219.863
8.75 76.5625 76.625 223.307 223.672
8.8 77.44 77.5 227.157 227.525
8.85 78.3225 78.375 231.051 231.422
8.9 79.21 79.25 234.99 235.363
8.95 80.1025 80.125 238.972 239.347
9 81 81 243 243.375
9.05 81.9025 81.925 247.073 247.448
9.1 82.81 82.85 251.19 251.567
9.15 83.7225 83.775 255.354 255.733
9.2 84.64 84.7 259.563 259.945
9.25 85.5625 85.625 263.818 264.203
9.3 86.49 86.55 268.119 268.508
9.35 87.4225 87.475 272.467 272.858
9.4 88.36 88.4 276.861 277.255
9.45 89.3025 89.325 281.303 281.698
