0 0 0 0 0 0 0.5
0.05 0.0025 0.025 4.16667e-05 0.000625 0.1 0.5
0.1 0.01 0.05 0.000333333 0.0025 0.2 0.5
0.15 0.0225 0.075 0.001125 0.005625 0.3 0.5
0.2 0.04 0.1 0.00266667 0.01 0.4 0.5
0.25 0.0625 0.125 0.00520833 0.015625 0.5 0.5
0.3 0.09 0.15 0.009 0.0225 0.6 0.5
0.35 0.1225 0.175 0.0142917 0.030625 0.7 0.5
0.4 0.16 0.2 0.0213333 0.04 0.8 0.5
0.45 0.2025 0.225 0.030375 0.050625 0.9 0.5
0.5 0.25 0.25 0.0416667 0.0625 1 0.5
0.55 0.3025 0.28 0.0554583 0.0757083 1.1 0.7
0.6 0.36 0.32 0.072 0.0906667 1.2 0.9
0.65 0.4225 0.37 0.0915417 0.107875 1.3 1.1
0.7 0.49 0.43 0.114333 0.127833 1.4 1.3
0.75 0.5625 0.5 0.140625 0.151042 1.5 1.5
0.8 0.64 0.58 0.170667 0.178 1.6 1.7
0.85 0.7225 0.67 0.204708 0.209208 1.7 1.9
0.9 0.81 0.77 0.243 0.245167 1.8 2.1
0.95 0.9025 0.88 0.285792 0.286375 1.9 2.3
1 1 1 0.333333 0.333333 2 2.5
1.05 1.1025 1.125 0.385875 0.386458 2.1 2.5
1.1 1.21 1.25 0.443667 0.445833 2.2 2.5
1.15 1.3225 1.375 0.506958 0.511458 2.3 2.5
1.2 1.44 1.5 0.576 0.583333 2.4 2.5
1.25 1.5625 1.625 0.651042 0.661458 2.5 2.5
1.3 1.69 1.75 0.732333 0.745833 2.6 2.5
1.35 1.8225 1.875 0.820125 0.836458 2.7 2.5
1.4 1.96 2 0.914667 0.933333 2.8 2.5
1.45 2.1025 2.125 1.01621 1.03646 2.9 2.5
1.5 2.25 2.25 1.125 1.14583 3 2.5
1.55 2.4025 2.38 1.24129 1.26154 3.1 2.7
1.6 2.56 2.52 1.36533 1.384 3.2 2.9
1.65 2.7225 2.67 1.49738 1.51371 3.3 3.1
1.7 2.89 2.83 1.63767 1.65117 3.4 3.3
1.75 3.0625 3 1.78646 1.79688 3.5 3.5
1.8 3.24 3.18 1.944 1.95133 3.6 3.7
1.85 3.4225 3.37 2.11054 2.11504 3.7 3.9
1.9 3.61 3.57 2.28633 2.2885 3.8 4.1
1.95 3.8025 3.78 2.47163 2.47221 3.9 4.3
2 4 4 2.66667 2.66667 4 4.5
2.05 4.2025 4.225 2.87171 2.87229 4.1 4.5
2.1 4.41 4.45 3.087 3.08917 4.2 4.5
2.15 4.6225 4.675 3.31279 3.31729 4.3 4.5
2.2 4.84 4.9 3.54933 3.55667 4.4 4.5
2.25 5.0625 5.125 3.79688 3.80729 4.5 4.5
2.3 5.29 5.35 4.05567 4.06917 4.6 4.5
2.35 5.5225 5.575 4.32596 4.34229 4.7 4.5
2.4 5.76 5.8 4.608 4.62667 4.8 4.5
2.45 6.0025 6.025 4.90204 4.92229 4.9 4.5
2.5 6.25 6.25 5.20833 5.22917 5 4.5
2.55 6.5025 6.48 5.52713 5.54738 5.1 4.7
2.6 6.76 6.72 5.85867 5.87733 5.2 4.9
2.65 7.0225 6.97 6.20321 6.21954 5.3 5.1
2.7 7.29 7.23 6.561 6.5745 5.4 5.3
2.75 7.5625 7.5 6.93229 6.94271 5.5 5.5
2.8 7.84 7.78 7.31733 7.32467 5.6 5.7
2.85 8.1225 8.07 7.71638 7.72087 5.7 5.9
2.9 8.41 8.37 8.12967 8.13183 5.8 6.1
2.95 8.7025 8.68 8.55746 8.55804 5.9 6.3
3 9 9 9 9 6 6.5
3.05 9.3025 9.325 9.45754 9.45813 6.1 6.5
3.1 9.61 9.65 9.93033 9.9325 6.2 6.5
3.15 9.9225 9.975 10.4186 10.4231 6.3 6.5
3.2 10.24 10.3 10.9227 10.93 6.4 6.5
3.25 10.5625 10.625 11.4427 11.4531 6.5 6.5
3.3 10.89 10.95 11.979 11.9925 6.6 6.5
3.35 11.2225 11.275 12.5318 12.5481 6.7 6.5
3.4 11.56 11.6 13.1013 13.12 6.8 6.5
3.45 11.9025 11.925 13.6879 13.7081 6.9 6.5
3.5 12.25 12.25 14.2917 14.3125 7 6.5
3.55 12.6025 12.58 14.913 14.9332 7.1 6.7
3.6 12.96 12.92 15.552 15.5707 7.2 6.9
3.65 13.3225 13.27 16.209 16.2254 7.3 7.1
3.7 13.69 13.63 16.8843 16.8978 7.4 7.3
3.75 14.0625 14 17.5781 17.5885 7.5 7.5
3.8 14.44 14.38 18.2907 18.298 7.6 7.7
3.85 14.8225 14.77 19.0222 19.0267 7.7 7.9
3.9 15.21 15.17 19.773 19.7752 7.8 8.1
3.95 15.6025 15.58 20.5433 20.5439 7.9 8.3
4 16 16 21.3333 21.3333 8 8.5
4.05 16.4025 16.425 22.1434 22.144 8.1 8.5
4.1 16.81 16.85 22.9737 22.9758 8.2 8.5
4.15 17.2225 17.275 23.8245 23.829 8.3 8.5
4.2 17.64 17.7 24.696 24.7033 8.4 8.5
4.25 18.0625 18.125 25.5885 25.599 8.5 8.5
4.3 18.49 18.55 26.5023 26.5158 8.6 8.5
4.35 18.9225 18.975 27.4376 27.454 8.7 8.5
4.4 19.36 19.4 28.3947 28.4133 8.8 8.5
4.45 19.8025 19.825 29.3737 29.394 8.9 8.5
4.5 20.25 20.25 30.375 30.3958 9 8.5
4.55 20.7025 20.68 31.3988 31.419 9.1 8.7
4.6 21.16 21.12 32.4453 32.464 9.2 8.9
4.65 21.6225 21.57 33.5149 33.5312 9.3 9.1
4.7 22.09 22.03 34.6077 34.6212 9.4 9.3
4.75 22.5625 22.5 35.724 35.7344 9.5 9.5
4.8 23.04 22.98 36.864 36.8713 9.6 9.7
4.85 23.5225 23.47 38.028 38.0325 9.7 9.9
4.9 24.01 23.97 39.2163 39.2185 9.8 10.1
4.95 24.5025 24.48 40.4291 40.4297 9.9 10.3
5 25 25 41.6667 41.6667 10 10.5
5.05 25.5025 25.525 42.9292 42.9298 10.1 10.5
5.1 26.01 26.05 44.217 44.2192 10.2 10.5
5.15 26.5225 26.575 45.5303 45.5348 10.3 10.5
5.2 27.04 27.1 46.8693 46.8767 10.4 10.5
5.25 27.5625 27.625 48.2344 48.2448 10.5 10.5
5.3 28.09 28.15 49.6257 49.6392 10.6 10.5
5.35 28.6225 28.675 51.0435 51.0598 10.7 10.5
5.4 29.16 29.2 52.488 52.5067 10.8 10.5
5.45 29.7025 29.725 53.9595 53.9798 10.9 10.5
5.5 30.25 30.25 55.4583 55.4792 11 10.5
5.55 30.8025 30.78 56.9846 57.0049 11.1 10.7
5.6 31.36 31.32 58.5387 58.5573 11.2 10.9
5.65 31.9225 31.87 60.1207 60.137 11.3 11.1
5.7 32.49 32.43 61.731 61.7445 11.4 11.3
5.75 33.0625 33 63.3698 63.3802 11.5 11.5
5.8 33.64 33.58 65.0373 65.0447 11.6 11.7
5.85 34.2225 34.17 66.7339 66.7384 11.7 11.9
5.9 34.81 34.77 68.4597 68.4618 11.8 12.1
5.95 35.4025 35.38 70.215 70.2155 11.9 12.3
6 36 36 72 72 12 12.5
6.05 36.6025 36.625 73.815 73.8156 12.1 12.5
6.1 37.21 37.25 75.6603 75.6625 12.2 12.5
6.15 37.8225 37.875 77.5361 77.5406 12.3 12.5
6.2 38.44 38.5 79.4427 79.45 12.4 12.5
6.25 39.0625 39.125 81.3802 81.3906 12.5 12.5
6.3 39.69 39.75 83.349 83.3625 12.6 12.5
6.35 40.3225 40.375 85.3493 85.3656 12.7 12.5
6.4 40.96 41 87.3813 87.4 12.8 12.5
6.45 41.6025 41.625 89.4454 89.4656 12.9 12.5
6.5 42.25 42.25 91.5417 91.5625 13 12.5
6.55 42.9025 42.88 93.6705 93.6907 13.1 12.7
6.6 43.56 43.52 95.832 95.8507 13.2 12.9
6.65 44.2225 44.17 98.0265 98.0429 13.3 13.1
6.7 44.89 44.83 100.254 100.268 13.4 13.3
6.75 45.5625 45.5 102.516 102.526 13.5 13.5
6.8 46.24 46.18 104.811 104.818 13.6 13.7
6.85 46.9225 46.87 107.14 107.144 13.7 13.9
6.9 47.61 47.57 109.503 109.505 13.8 14.1
6.95 48.3025 48.28 111.901 111.901 13.9 14.3
7 49 49 114.333 114.333 14 14.5
7.05 49.7025 49.725 116.801 116.801 14.1 14.5
7.1 50.41 50.45 119.304 119.306 14.2 14.5
7.15 51.1225 51.175 121.842 121.846 14.3 14.5
7.2 51.84 51.9 124.416 124.423 14.4 14.5
7.25 52.5625 52.625 127.026 127.036 14.5 14.5
7.3 53.29 53.35 129.672 129.686 14.6 14.5
7.35 54.0225 54.075 132.355 132.371 14.7 14.5
7.4 54.76 54.8 135.075 135.093 14.8 14.5
7.45 55.5025 55.525 137.831 137.851 14.9 14.5
7.5 56.25 56.25 140.625 140.646 15 14.5
7.55 57.0025 56.98 143.456 143.477 15.1 14.7
7.6 57.76 57.72 146.325 146.344 15.2 14.9
7.65 58.5225 58.47 149.232 149.249 15.3 15.1
7.7 59.29 59.23 152.178 152.191 15.4 15.3
7.75 60.0625 60 155.161 155.172 15.5 15.5
7.8 60.84 60.78 158.184 158.191 15.6 15.7
7.85 61.6225 61.57 161.246 161.25 15.7 15.9
7.9 62.41 62.37 164.346 164.349 15.8 16.1
7.95 63.2025 63.18 167.487 167.487 15.9 16.3
8 64 64 170.667 170.667 16 16.5
8.05 64.8025 64.825 173.887 173.887 16.1 16.5
8.1 65.61 65.65 177.147 177.149 16.2 16.5
8.15 66.4225 66.475 180.448 180.452 16.3 16.5
8.2 67.24 67.3 183.789 183.797 16.4 16.5
8.25 68.0625 68.125 187.172 187.182 16.5 16.5
8.3 68.89 68.95 190.596 190.609 16.6 16.5
8.35 69.7225 69.775 194.061 194.077 16.7 16.5
8.4 70.56 70.6 197.568 197.587 16.8 16.5
8.45 71.4025 71.425 201.117 201.137 16.9 16.5
8.5 72.25 72.25 204.708 204.729 17 16.5
8.55 73.1025 73.08 208.342 208.362 17.1 16.7
8.6 73.96 73.92 212.019 212.037 17.2 16.9
8.65 74.8225 74.77 215.738 215.755 17.3 17.1
8.7 75.69 75.63 219.501 219.515 17.4 17.3
8.75 76.5625 76.5 223.307 223.318 17.5 17.5
8.8 77.44 77.38 227.157 227.165 17.6 17.7
8.85 78.3225 78.27 231.051 231.056 17.7 17.9
8.9 79.21 79.17 234.99 234.992 17.8 18.1
8.95 80.1025 80.08 238.972 238.973 17.9 18.3
9 81 81 243 243 18 18.5
9.05 81.9025 81.925 247.073 247.073 18.1 18.5
9.1 82.81 82.85 251.19 251.192 18.2 18.5
9.15 83.7225 83.775 255.354 255.358 18.3 18.5
9.2 84.64 84.7 259.563 259.57 18.4 18.5
9.25 85.5625 85.625 263.818 263.828 18.5 18.5
9.3 86.49 86.55 268.119 268.133 18.6 18.5
9.35 87.4225 87.475 272.467 272.483 18.7 18.5
9.4 88.36 88.4 276.861 276.88 18.8 18.5
9.45 89.3025 89.325 281.303 281.323 18.9 18.5
