-2 0.227407 -0.412303
-1.99 0.233567 -0.409474
-1.98 0.23968 -0.406563
-1.97 0.245746 -0.403572
-1.96 0.251763 -0.400502
-1.95 0.257731 -0.397353
-1.94 0.263649 -0.394126
-1.93 0.269516 -0.390823
-1.92 0.27533 -0.387445
-1.91 0.281092 -0.383992
-1.9 0.2868 -0.380466
-1.89 0.292454 -0.376867
-1.88 0.298052 -0.373198
-1.87 0.303594 -0.369458
-1.86 0.30908 -0.365649
-1.85 0.314508 -0.361772
-1.84 0.319877 -0.357829
-1.83 0.325188 -0.353819
-1.82 0.33044 -0.349744
-1.81 0.335631 -0.345606
-1.8 0.340762 -0.341406
-1.79 0.345831 -0.337144
-1.78 0.350838 -0.332821
-1.77 0.355783 -0.32844
-1.76 0.360665 -0.324
-1.75 0.365483 -0.319503
-1.74 0.370238 -0.31495
-1.73 0.374928 -0.310343
-1.72 0.379553 -0.305682
-1.71 0.384113 -0.300968
-1.7 0.388607 -0.296203
-1.69 0.393035 -0.291387
-1.68 0.397397 -0.286522
-1.67 0.401692 -0.281609
-1.66 0.40592 -0.276649
-1.65 0.41008 -0.271643
-1.64 0.414173 -0.266593
-1.63 0.418198 -0.261498
-1.62 0.422155 -0.256361
-1.61 0.426043 -0.251182
-1.6 0.429863 -0.245963
-1.59 0.433614 -0.240705
-1.58 0.437296 -0.235408
-1.57 0.440909 -0.230074
-1.56 0.444453 -0.224704
-1.55 0.447927 -0.219299
-1.54 0.451332 -0.21386
-1.53 0.454668 -0.208388
-1.52 0.457934 -0.202884
-1.51 0.46113 -0.197349
-1.5 0.464257 -0.191785
-1.49 0.467314 -0.186192
-1.48 0.470301 -0.180571
-1.47 0.473219 -0.174923
-1.46 0.476067 -0.169249
-1.45 0.478846 -0.163551
-1.44 0.481555 -0.157829
-1.43 0.484195 -0.152085
-1.42 0.486766 -0.146318
-1.41 0.489268 -0.140531
-1.4 0.4917 -0.134724
-1.39 0.494064 -0.128898
-1.38 0.496359 -0.123054
-1.37 0.498586 -0.117194
-1.36 0.500744 -0.111317
-1.35 0.502834 -0.105425
-1.34 0.504857 -0.0995188
-1.33 0.506811 -0.0935993
-1.32 0.508699 -0.0876674
-1.31 0.510519 -0.0817239
-1.3 0.512272 -0.0757696
-1.29 0.513959 -0.0698056
-1.28 0.515579 -0.0638325
-1.27 0.517133 -0.0578512
-1.26 0.518622 -0.0518626
-1.25 0.520045 -0.0458675
-1.24 0.521404 -0.0398666
-1.23 0.522698 -0.0338608
-1.22 0.523927 -0.0278508
-1.21 0.525092 -0.0218374
-1.2 0.526194 -0.0158214
-1.19 0.527233 -0.00980344
-1.18 0.528209 -0.00378435
-1.17 0.529123 0.0022352
-1.16 0.529975 0.00825448
-1.15 0.530765 0.0142728
-1.14 0.531495 0.0202895
-1.13 0.532163 0.0263039
-1.12 0.532772 0.0323153
-1.11 0.533321 0.0383231
-1.1 0.533811 0.0443266
-1.09 0.534242 0.0503252
-1.08 0.534614 0.0563184
-1.07 0.534929 0.0623055
-1.06 0.535187 0.0682859
-1.05 0.535388 0.0742591
-1.04 0.535533 0.0802245
-1.03 0.535622 0.0861816
-1.02 0.535656 0.0921297
-1.01 0.535636 0.0980685
-1 0.535561 0.103997
-0.99 0.535433 0.109916
-0.98 0.535251 0.115823
-0.97 0.535018 0.12172
-0.96 0.534732 0.127604
-0.95 0.534395 0.133476
-0.94 0.534007 0.139336
-0.93 0.533569 0.145182
-0.92 0.533082 0.151015
-0.91 0.532545 0.156834
-0.9 0.53196 0.162639
-0.89 0.531327 0.168429
-0.88 0.530647 0.174204
-0.87 0.52992 0.179964
-0.86 0.529147 0.185708
-0.85 0.528328 0.191436
-0.84 0.527465 0.197148
-0.83 0.526557 0.202844
-0.82 0.525606 0.208522
-0.81 0.524611 0.214183
-0.8 0.523574 0.219828
-0.79 0.522495 0.225454
-0.78 0.521375 0.231063
-0.77 0.520214 0.236653
-0.76 0.519013 0.242226
-0.75 0.517773 0.24778
-0.74 0.516493 0.253315
-0.73 0.515176 0.258832
-0.72 0.513821 0.26433
-0.71 0.512429 0.269808
-0.7 0.511 0.275268
-0.69 0.509536 0.280708
-0.68 0.508037 0.286129
-0.67 0.506503 0.291531
-0.66 0.504935 0.296913
-0.65 0.503334 0.302275
-0.64 0.5017 0.307618
-0.63 0.500034 0.312941
-0.62 0.498337 0.318244
-0.61 0.496608 0.323528
-0.6 0.49485 0.328792
-0.59 0.493061 0.334036
-0.58 0.491244 0.33926
-0.57 0.489398 0.344465
-0.56 0.487524 0.34965
-0.55 0.485623 0.354816
-0.54 0.483695 0.359962
-0.53 0.481741 0.365089
-0.52 0.479761 0.370196
-0.51 0.477757 0.375284
-0.5 0.475728 0.380353
-0.49 0.473675 0.385403
-0.48 0.4716 0.390433
-0.47 0.469501 0.395446
-0.46 0.467381 0.400439
-0.45 0.465239 0.405415
-0.44 0.463076 0.410372
-0.43 0.460892 0.41531
-0.42 0.458689 0.420232
-0.41 0.456467 0.425135
-0.4 0.454226 0.430021
-0.39 0.451966 0.43489
-0.38 0.449689 0.439742
-0.37 0.447395 0.444577
-0.36 0.445085 0.449395
-0.35 0.442758 0.454198
-0.34 0.440416 0.458984
-0.33 0.438059 0.463755
-0.32 0.435687 0.468511
-0.31 0.433302 0.473252
-0.3 0.430903 0.477978
-0.29 0.428491 0.48269
-0.28 0.426067 0.487387
-0.27 0.423631 0.492071
-0.26 0.421183 0.496742
-0.25 0.418725 0.5014
-0.24 0.416256 0.506045
-0.23 0.413777 0.510678
-0.22 0.411288 0.5153
-0.21 0.40879 0.51991
-0.2 0.406284 0.524509
-0.19 0.40377 0.529098
-0.18 0.401248 0.533676
-0.17 0.398719 0.538245
-0.16 0.396183 0.542805
-0.15 0.39364 0.547356
-0.14 0.391092 0.551899
-0.13 0.388538 0.556435
-0.12 0.38598 0.560963
-0.11 0.383416 0.565484
-0.1 0.380849 0.569999
-0.09 0.378277 0.574508
-0.08 0.375702 0.579013
-0.07 0.373125 0.583512
-0.06 0.370544 0.588008
-0.05 0.367961 0.5925
-0.04 0.365377 0.596989
-0.03 0.362791 0.601475
-0.02 0.360204 0.60596
-0.01 0.357616 0.610444
1.64105e-15 0.355028 0.614927
0.01 0.35244 0.61941
0.02 0.349852 0.623893
0.03 0.347265 0.628378
0.04 0.344679 0.632865
0.05 0.342094 0.637354
0.06 0.339511 0.641847
0.07 0.33693 0.646343
0.08 0.334352 0.650844
0.09 0.331776 0.65535
0.1 0.329203 0.659862
0.11 0.326634 0.66438
0.12 0.324068 0.668906
0.13 0.321505 0.67344
0.14 0.318947 0.677983
0.15 0.316394 0.682535
0.16 0.313845 0.687097
0.17 0.311301 0.69167
0.18 0.308763 0.696256
0.19 0.30623 0.700853
0.2 0.303703 0.705464
0.21 0.301182 0.710089
0.22 0.298668 0.714729
0.23 0.296159 0.719385
0.24 0.293658 0.724057
0.25 0.291164 0.728747
0.26 0.288677 0.733455
0.27 0.286198 0.738182
0.28 0.283726 0.742929
0.29 0.281262 0.747696
0.3 0.278806 0.752486
0.31 0.276359 0.757298
0.32 0.273921 0.762133
0.33 0.271491 0.766993
0.34 0.26907 0.771878
0.35 0.266658 0.776789
0.36 0.264255 0.781728
0.37 0.261862 0.786694
0.38 0.259479 0.79169
0.39 0.257106 0.796716
0.4 0.254742 0.801773
0.41 0.252389 0.806862
0.42 0.250046 0.811984
0.43 0.247714 0.81714
0.44 0.245392 0.822332
0.45 0.243081 0.827559
0.46 0.240781 0.832824
0.47 0.238493 0.838127
0.48 0.236215 0.84347
0.49 0.233948 0.848852
0.5 0.231694 0.854277
0.51 0.22945 0.859744
0.52 0.227219 0.865255
0.53 0.224999 0.870812
0.54 0.222791 0.876414
0.55 0.220595 0.882063
0.56 0.218412 0.887762
0.57 0.21624 0.893509
0.58 0.214081 0.899308
0.59 0.211934 0.905159
0.6 0.2098 0.911063
0.61 0.207678 0.917022
0.62 0.205569 0.923037
0.63 0.203473 0.929109
0.64 0.20139 0.93524
0.65 0.199319 0.941431
0.66 0.197262 0.947682
0.67 0.195217 0.953997
0.68 0.193186 0.960375
0.69 0.191168 0.966818
0.7 0.189162 0.973329
0.71 0.187171 0.979907
0.72 0.185192 0.986555
0.73 0.183227 0.993274
0.74 0.181275 1.00007
0.75 0.179336 1.00693
0.76 0.177411 1.01387
0.77 0.1755 1.02089
0.78 0.173602 1.02799
0.79 0.171717 1.03516
0.8 0.169846 1.04242
0.81 0.167989 1.04976
0.82 0.166145 1.05719
0.83 0.164315 1.06471
0.84 0.162499 1.07231
0.85 0.160696 1.08
0.86 0.158907 1.08778
0.87 0.157131 1.09566
0.88 0.155369 1.10363
0.89 0.153621 1.1117
0.9 0.151887 1.11987
0.91 0.150166 1.12814
0.92 0.148459 1.13651
0.93 0.146765 1.14499
0.94 0.145086 1.15358
0.95 0.143419 1.16227
0.96 0.141767 1.17107
0.97 0.140128 1.17998
0.98 0.138502 1.18901
0.99 0.136891 1.19816
1 0.135292 1.20742
1.01 0.133708 1.21681
1.02 0.132136 1.22632
1.03 0.130579 1.23595
1.04 0.129034 1.24571
1.05 0.127504 1.2556
1.06 0.125986 1.26562
1.07 0.124482 1.27578
1.08 0.122991 1.28607
1.09 0.121514 1.2965
1.1 0.120049 1.30707
1.11 0.118598 1.31779
1.12 0.11716 1.32865
1.13 0.115736 1.33966
1.14 0.114324 1.35083
1.15 0.112925 1.36214
1.16 0.11154 1.37362
1.17 0.110167 1.38525
1.18 0.108807 1.39705
1.19 0.10746 1.40901
1.2 0.106126 1.42113
1.21 0.104804 1.43343
1.22 0.103495 1.4459
1.23 0.102199 1.45855
1.24 0.100916 1.47138
1.25 0.0996445 1.48439
1.26 0.0983859 1.49758
1.27 0.0971396 1.51097
1.28 0.0959057 1.52454
1.29 0.0946841 1.53831
1.3 0.0934747 1.55228
1.31 0.0922774 1.56646
1.32 0.0910922 1.58083
1.33 0.089919 1.59542
1.34 0.0887578 1.61021
1.35 0.0876085 1.62523
1.36 0.0864711 1.64046
1.37 0.0853453 1.65592
1.38 0.0842313 1.6716
1.39 0.0831289 1.68751
1.4 0.082038 1.70366
1.41 0.0809587 1.72005
1.42 0.0798907 1.73667
1.43 0.0788341 1.75355
1.44 0.0777888 1.77068
1.45 0.0767547 1.78806
1.46 0.0757317 1.8057
1.47 0.0747197 1.8236
1.48 0.0737188 1.84177
1.49 0.0727287 1.86022
1.5 0.0717495 1.87894
1.51 0.070781 1.89795
1.52 0.0698233 1.91724
1.53 0.0688761 1.93682
1.54 0.0679395 1.9567
1.55 0.0670134 1.97688
1.56 0.0660976 1.99736
1.57 0.0651922 2.01816
1.58 0.0642969 2.03927
1.59 0.0634119 2.06071
1.6 0.0625369 2.08247
1.61 0.0616719 2.10457
1.62 0.0608169 2.12701
1.63 0.0599717 2.14979
1.64 0.0591363 2.17292
1.65 0.0583106 2.19641
1.66 0.0574945 2.22026
1.67 0.0566879 2.24448
1.68 0.0558909 2.26907
1.69 0.0551032 2.29405
1.7 0.0543248 2.31941
1.71 0.0535556 2.34516
1.72 0.0527957 2.37132
1.73 0.0520448 2.39789
1.74 0.0513029 2.42487
1.75 0.0505699 2.45227
1.76 0.0498458 2.4801
1.77 0.0491304 2.50837
1.78 0.0484237 2.53708
1.79 0.0477257 2.56625
1.8 0.0470362 2.59587
1.81 0.0463552 2.62596
1.82 0.0456826 2.65653
1.83 0.0450182 2.68757
1.84 0.0443621 2.71912
1.85 0.0437142 2.75116
1.86 0.0430744 2.78371
1.87 0.0424426 2.81678
1.88 0.0418187 2.85037
1.89 0.0412027 2.8845
1.9 0.0405944 2.91918
1.91 0.0399939 2.95441
1.92 0.039401 2.9902
1.93 0.0388157 3.02657
1.94 0.0382379 3.06352
1.95 0.0376675 3.10107
1.96 0.0371044 3.13922
1.97 0.0365486 3.17799
1.98 0.036 3.21739
1.99 0.0354585 3.25742
2 0.0349241 3.29809
