-10 0 
-9.95 3.18256e-45 
-9.30185 2.84709e-30 
-8.84558 1.0168e-28 
-8.46669 5.54352e-27 
-8.12779 3.15998e-25 
-7.80644 2.11819e-23 
-7.48209 2.21165e-21 
-7.1299 5.26074e-19 
-6.71144 5.03759e-16 
-6.12964 9.4455e-12 
-5.02114 7.29199e-05 
-3.43295 7.32298e-05 
-3.19868 9.01191e-05 
-2.77558 0.000158935 
-2.54055 0.000443736 
-2.27941 0.00127194 
-2.17437 0.00210388 
-2.06935 0.00327616 
-1.89715 0.00670277 
-1.70775 0.0141719 
-1.66645 0.0166536 
-1.62594 0.0193513 
-1.53026 0.0273049 
-1.3985 0.0428104 
-1.24889 0.0688722 
-1.08671 0.110498 
-0.906946 0.177233 
-0.692375 0.290576 
-0.366226 0.536226 
-0.248456 0.645099 
-0.135703 0.753662 
0.0605668 0.949033 
0.309286 1.18821 
0.604634 1.42679 
0.994802 1.63308 
1.18277 1.68513 
1.3625 1.72093 
1.70263 1.75461 
2.16427 1.767 
2.8032 1.76902 
3.94034 1.76913 
7.70955 1.76913 
10 1.76913 
